Mutation_ID PROTON_WT_Scores PROTON_Mutant_Scores DDG_PROTON_Scores
DB455A -31.01 -30.14 0.87
DB455C -31.01 -30.12 0.89
DB455E -31.01 -30.81 0.20
DB455F -31.01 -30.16 0.85
DB455G -31.01 -30.19 0.82
DB455H -31.01 -30.08 0.93
DB455I -31.01 -29.99 1.02
DB455K -31.01 -30.41 0.60
DB455L -31.01 -30.04 0.97
DB455M -31.01 -30.15 0.86
DB455N -31.01 -30.27 0.74
DB455P -31.01 -30.10 0.91
DB455Q -31.01 -30.68 0.33
DB455R -31.01 -30.01 1.00
DB455S -31.01 -31.15 -0.14
DB455T -31.01 -30.82 0.19
DB455V -31.01 -29.89 1.12
DB455W -31.01 -28.11 2.90
DB455Y -31.01 -30.14 0.87
EB460A -31.01 -29.09 1.92
EB460C -31.01 -29.08 1.93
EB460D -31.01 -30.57 0.44
EB460F -31.01 -29.17 1.84
EB460G -31.01 -29.14 1.87
EB460H -31.01 -29.05 1.96
EB460I -31.01 -29.00 2.01
EB460K -31.01 -29.05 1.96
EB460L -31.01 -29.04 1.97
EB460M -31.01 -29.14 1.87
EB460N -31.01 -30.06 0.95
EB460P -31.01 -29.05 1.96
EB460Q -31.01 -31.72 -0.71
EB460R -31.01 -28.99 2.02
EB460S -31.01 -29.06 1.95
EB460T -31.01 -28.99 2.02
EB460V -31.01 -29.01 2.00
EB460W -31.01 -29.00 2.01
EB460Y -31.01 -29.17 1.84
FB301A -31.01 -31.01 0.00
FB301C -31.01 -31.01 0.00
FB301D -31.01 -31.01 0.00
FB301E -31.01 -31.01 0.00
FB301G -31.01 -31.01 0.00
FB301H -31.01 -31.03 -0.02
FB301I -31.01 -31.01 0.00
FB301K -31.01 -31.01 0.00
FB301L -31.01 -31.01 0.00
FB301M -31.01 -31.01 0.00
FB301N -31.01 -31.01 0.00
FB301P -31.01 -31.08 -0.07
FB301Q -31.01 -31.01 0.00
FB301R -31.01 -31.92 -0.91
FB301S -31.01 -31.01 0.00
FB301T -31.01 -31.01 0.00
FB301V -31.01 -31.01 0.00
FB301W -31.01 -31.01 0.00
FB301Y -31.01 -31.13 -0.12
FB311A -31.01 -30.61 0.40
FB311C -31.01 -30.69 0.32
FB311D -31.01 -30.43 0.58
FB311E -31.01 -30.56 0.45
FB311G -31.01 -30.58 0.43
FB311H -31.01 -30.68 0.33
FB311I -31.01 -30.92 0.09
FB311K -31.01 -30.73 0.28
FB311L -31.01 -30.71 0.30
FB311M -31.01 -30.75 0.26
FB311N -31.01 -30.56 0.45
FB311P -31.01 -30.69 0.32
FB311Q -31.01 -30.54 0.47
FB311R -31.01 -30.00 1.01
FB311S -31.01 -30.52 0.49
FB311T -31.01 -30.59 0.42
FB311V -31.01 -30.77 0.24
FB311W -31.01 -31.12 -0.11
FB311Y -31.01 -31.00 0.01
GB415A -31.01 -31.33 -0.32
GB415C -31.01 -31.40 -0.39
GB415D -31.01 -31.20 -0.19
GB415E -31.01 -31.44 -0.43
GB415F -31.01 -32.52 -1.51
GB415H -31.01 -31.55 -0.54
GB415I -31.01 -31.91 -0.90
GB415K -31.01 -31.88 -0.87
GB415L -31.01 -31.98 -0.97
GB415M -31.01 -32.27 -1.26
GB415N -31.01 -31.27 -0.26
GB415P -31.01 -31.36 -0.35
GB415Q -31.01 -31.49 -0.48
GB415R -31.01 -31.75 -0.74
GB415S -31.01 -31.16 -0.15
GB415T -31.01 -31.52 -0.51
GB415V -31.01 -31.77 -0.76
GB415W -31.01 -32.82 -1.81
GB415Y -31.01 -32.57 -1.56
IB307A -31.01 -30.58 0.43
IB307C -31.01 -30.76 0.25
IB307D -31.01 -30.38 0.63
IB307E -31.01 -30.80 0.21
IB307F -31.01 -32.11 -1.10
IB307G -31.01 -30.47 0.54
IB307H -31.01 -30.70 0.31
IB307K -31.01 -30.91 0.10
IB307L -31.01 -32.00 -0.99
IB307M -31.01 -31.53 -0.52
IB307N -31.01 -30.07 0.94
IB307P -31.01 -30.66 0.35
IB307Q -31.01 -30.65 0.36
IB307R -31.01 -30.81 0.20
IB307S -31.01 -30.41 0.60
IB307T -31.01 -30.71 0.30
IB307V -31.01 -31.03 -0.02
IB307W -31.01 -30.75 0.26
IB307Y -31.01 -31.89 -0.88
IB458A -31.01 -30.46 0.55
IB458C -31.01 -30.61 0.40
IB458D -31.01 -30.42 0.59
IB458E -31.01 -30.52 0.49
IB458F -31.01 -31.24 -0.23
IB458G -31.01 -30.32 0.69
IB458H -31.01 -30.32 0.69
IB458K -31.01 -31.60 -0.59
IB458L -31.01 -31.38 -0.37
IB458M -31.01 -30.45 0.56
IB458N -31.01 -30.34 0.67
IB458P -31.01 -30.63 0.38
IB458Q -31.01 -30.53 0.48
IB458R -31.01 -31.31 -0.30
IB458S -31.01 -30.40 0.61
IB458T -31.01 -30.68 0.33
IB458V -31.01 -30.80 0.21
IB458W -31.01 -30.55 0.46
IB458Y -31.01 -30.58 0.43
KB312A -31.01 -29.99 1.02
KB312C -31.01 -29.94 1.07
KB312D -31.01 -30.19 0.82
KB312E -31.01 -30.35 0.66
KB312F -31.01 -30.63 0.38
KB312G -31.01 -29.87 1.14
KB312H -31.01 -29.89 1.12
KB312I -31.01 -30.40 0.61
KB312L -31.01 -30.14 0.87
KB312M -31.01 -30.77 0.24
KB312N -31.01 -30.34 0.67
KB312P -31.01 -29.46 1.55
KB312Q -31.01 -30.60 0.41
KB312R -31.01 -30.58 0.43
KB312S -31.01 -30.81 0.20
KB312T -31.01 -31.17 -0.16
KB312V -31.01 -30.07 0.94
KB312W -31.01 -28.95 2.06
KB312Y -31.01 -30.91 0.10
LB309A -31.01 -30.67 0.34
LB309C -31.01 -30.71 0.30
LB309D -31.01 -30.34 0.67
LB309E -31.01 -30.61 0.40
LB309F -31.01 -31.07 -0.06
LB309G -31.01 -30.67 0.34
LB309H -31.01 -31.45 -0.44
LB309I -31.01 -30.74 0.27
LB309K -31.01 -32.04 -1.03
LB309M -31.01 -30.72 0.29
LB309N -31.01 -30.84 0.17
LB309P -31.01 -30.78 0.23
LB309Q -31.01 -31.64 -0.63
LB309R -31.01 -31.72 -0.71
LB309S -31.01 -30.56 0.45
LB309T -31.01 -30.74 0.27
LB309V -31.01 -30.73 0.28
LB309W -31.01 -31.16 -0.15
LB309Y -31.01 -31.71 -0.70
LB314A -31.01 -29.83 1.18
LB314C -31.01 -30.14 0.87
LB314D -31.01 -29.65 1.36
LB314E -31.01 -30.24 0.77
LB314F -31.01 -30.71 0.30
LB314G -31.01 -29.78 1.23
LB314H -31.01 -30.20 0.81
LB314I -31.01 -30.72 0.29
LB314K -31.01 -30.84 0.17
LB314M -31.01 -31.88 -0.87
LB314N -31.01 -30.66 0.35
LB314P -31.01 -29.51 1.50
LB314Q -31.01 -30.38 0.63
LB314R -31.01 -30.42 0.59
LB314S -31.01 -29.80 1.21
LB314T -31.01 -30.06 0.95
LB314V -31.01 -30.23 0.78
LB314W -31.01 -30.80 0.21
LB314Y -31.01 -30.43 0.58
LB416A -31.01 -30.21 0.80
LB416C -31.01 -30.44 0.57
LB416D -31.01 -29.86 1.15
LB416E -31.01 -30.88 0.13
LB416F -31.01 -29.26 1.75
LB416G -31.01 -30.18 0.83
LB416H -31.01 -30.29 0.72
LB416I -31.01 -30.89 0.12
LB416K -31.01 -30.96 0.05
LB416M -31.01 -31.65 -0.64
LB416N -31.01 -30.78 0.23
LB416P -31.01 -30.38 0.63
LB416Q -31.01 -31.16 -0.15
LB416R -31.01 -30.22 0.79
LB416S -31.01 -30.07 0.94
LB416T -31.01 -30.23 0.78
LB416V -31.01 -30.43 0.58
LB416W -31.01 -25.59 5.42
LB416Y -31.01 -29.29 1.72
MB300A -31.01 -29.74 1.27
MB300C -31.01 -29.92 1.09
MB300D -31.01 -29.46 1.55
MB300E -31.01 -29.61 1.40
MB300F -31.01 -30.64 0.37
MB300G -31.01 -29.54 1.47
MB300H -31.01 -30.03 0.98
MB300I -31.01 -30.41 0.60
MB300K -31.01 -29.83 1.18
MB300L -31.01 -30.18 0.83
MB300N -31.01 -29.69 1.32
MB300P -31.01 -29.90 1.11
MB300Q -31.01 -29.69 1.32
MB300R -31.01 -29.33 1.68
MB300S -31.01 -29.60 1.41
MB300T -31.01 -29.68 1.33
MB300V -31.01 -30.17 0.84
MB300W -31.01 -29.69 1.32
MB300Y -31.01 -31.81 -0.80
MB468A -31.01 -30.56 0.45
MB468C -31.01 -30.58 0.43
MB468D -31.01 -30.39 0.62
MB468E -31.01 -30.30 0.71
MB468F -31.01 -31.69 -0.68
MB468G -31.01 -30.56 0.45
MB468H -31.01 -30.70 0.31
MB468I -31.01 -30.75 0.26
MB468K -31.01 -30.45 0.56
MB468L -31.01 -30.75 0.26
MB468N -31.01 -30.44 0.57
MB468P -31.01 -30.56 0.45
MB468Q -31.01 -30.39 0.62
MB468R -31.01 -30.48 0.53
MB468S -31.01 -30.54 0.47
MB468T -31.01 -30.55 0.46
MB468V -31.01 -30.55 0.46
MB468W -31.01 -32.88 -1.87
MB468Y -31.01 -31.61 -0.60
NB465A -31.01 -31.18 -0.17
NB465C -31.01 -31.32 -0.31
NB465D -31.01 -31.03 -0.02
NB465E -31.01 -31.16 -0.15
NB465F -31.01 -32.49 -1.48
NB465G -31.01 -31.15 -0.14
NB465H -31.01 -31.37 -0.36
NB465I -31.01 -31.79 -0.78
NB465K -31.01 -32.05 -1.04
NB465L -31.01 -32.07 -1.06
NB465M -31.01 -32.01 -1.00
NB465P -31.01 -31.26 -0.25
NB465Q -31.01 -31.10 -0.09
NB465R -31.01 -32.35 -1.34
NB465S -31.01 -31.14 -0.13
NB465T -31.01 -31.13 -0.12
NB465V -31.01 -31.36 -0.35
NB465W -31.01 -32.94 -1.93
NB465Y -31.01 -32.37 -1.36
PB305A -31.01 -31.04 -0.03
PB305C -31.01 -31.04 -0.03
PB305D -31.01 -30.99 0.02
PB305E -31.01 -30.92 0.09
PB305F -31.01 -29.63 1.38
PB305G -31.01 -31.02 -0.01
PB305H -31.01 -31.09 -0.08
PB305I -31.01 -31.57 -0.56
PB305K -31.01 -32.55 -1.54
PB305L -31.01 -31.83 -0.82
PB305M -31.01 -31.10 -0.09
PB305N -31.01 -30.99 0.02
PB305Q -31.01 -31.81 -0.80
PB305R -31.01 -31.85 -0.84
PB305S -31.01 -31.01 0.00
PB305T -31.01 -30.99 0.02
PB305V -31.01 -31.26 -0.25
PB305W -31.01 -26.70 4.31
PB305Y -31.01 -28.83 2.18
QB315A -31.01 -31.01 0.00
QB315C -31.01 -30.97 0.04
QB315D -31.01 -31.01 0.00
QB315E -31.01 -30.67 0.34
QB315F -31.01 -30.97 0.04
QB315G -31.01 -31.01 0.00
QB315H -31.01 -30.86 0.15
QB315I -31.01 -31.01 0.00
QB315K -31.01 -32.57 -1.56
QB315L -31.01 -31.01 0.00
QB315M -31.01 -31.01 0.00
QB315N -31.01 -31.01 0.00
QB315P -31.01 -30.91 0.10
QB315R -31.01 -31.01 0.00
QB315S -31.01 -31.01 0.00
QB315T -31.01 -31.01 0.00
QB315V -31.01 -30.98 0.03
QB315W -31.01 -30.09 0.92
QB315Y -31.01 -31.01 0.00
RB299A -31.01 -28.93 2.08
RB299C -31.01 -28.97 2.04
RB299D -31.01 -28.74 2.27
RB299E -31.01 -28.60 2.41
RB299F -31.01 -29.55 1.46
RB299G -31.01 -28.93 2.08
RB299H -31.01 -30.34 0.67
RB299I -31.01 -28.85 2.16
RB299K -31.01 -30.22 0.79
RB299L -31.01 -28.88 2.13
RB299M -31.01 -29.01 2.00
RB299N -31.01 -29.85 1.16
RB299P -31.01 -28.90 2.11
RB299Q -31.01 -30.02 0.99
RB299S -31.01 -28.86 2.15
RB299T -31.01 -28.96 2.05
RB299V -31.01 -28.94 2.07
RB299W -31.01 -29.26 1.75
RB299Y -31.01 -29.90 1.11
RB308A -31.01 -26.68 4.33
RB308C -31.01 -26.84 4.17
RB308D -31.01 -26.46 4.55
RB308E -31.01 -26.77 4.24
RB308F -31.01 -27.41 3.60
RB308G -31.01 -26.32 4.69
RB308H -31.01 -26.72 4.29
RB308I -31.01 -27.15 3.86
RB308K -31.01 -27.62 3.39
RB308L -31.01 -27.54 3.47
RB308M -31.01 -27.75 3.26
RB308N -31.01 -26.89 4.12
RB308P -31.01 -26.53 4.48
RB308Q -31.01 -27.69 3.32
RB308S -31.01 -26.46 4.55
RB308T -31.01 -26.46 4.55
RB308V -31.01 -27.05 3.96
RB308W -31.01 -29.10 1.91
RB308Y -31.01 -27.01 4.00
RB310A -31.01 -29.89 1.12
RB310C -31.01 -29.88 1.13
RB310D -31.01 -30.28 0.73
RB310E -31.01 -30.18 0.83
RB310F -31.01 -30.43 0.58
RB310G -31.01 -29.66 1.35
RB310H -31.01 -29.96 1.05
RB310I -31.01 -30.48 0.53
RB310K -31.01 -30.65 0.36
RB310L -31.01 -30.25 0.76
RB310M -31.01 -30.58 0.43
RB310N -31.01 -30.10 0.91
RB310P -31.01 -29.14 1.87
RB310Q -31.01 -30.45 0.56
RB310S -31.01 -29.69 1.32
RB310T -31.01 -31.15 -0.14
RB310V -31.01 -30.09 0.92
RB310W -31.01 -30.42 0.59
RB310Y -31.01 -30.27 0.74
RB313A -31.01 -29.15 1.86
RB313C -31.01 -29.12 1.89
RB313D -31.01 -29.56 1.45
RB313E -31.01 -28.82 2.19
RB313F -31.01 -29.31 1.70
RB313G -31.01 -29.24 1.77
RB313H -31.01 -29.09 1.92
RB313I -31.01 -29.06 1.95
RB313K -31.01 -29.18 1.83
RB313L -31.01 -28.65 2.36
RB313M -31.01 -29.27 1.74
RB313N -31.01 -29.56 1.45
RB313P -31.01 -29.17 1.84
RB313Q -31.01 -29.19 1.82
RB313S -31.01 -29.07 1.94
RB313T -31.01 -29.02 1.99
RB313V -31.01 -29.06 1.95
RB313W -31.01 -30.73 0.28
RB313Y -31.01 -29.86 1.15
RB414A -31.01 -29.53 1.48
RB414C -31.01 -29.53 1.48
RB414D -31.01 -29.53 1.48
RB414E -31.01 -29.53 1.48
RB414F -31.01 -30.36 0.65
RB414G -31.01 -29.53 1.48
RB414H -31.01 -29.53 1.48
RB414I -31.01 -29.52 1.49
RB414K -31.01 -31.18 -0.17
RB414L -31.01 -29.72 1.29
RB414M -31.01 -30.30 0.71
RB414N -31.01 -29.53 1.48
RB414P -31.01 -29.53 1.48
RB414Q -31.01 -29.53 1.48
RB414S -31.01 -29.53 1.48
RB414T -31.01 -29.54 1.47
RB414V -31.01 -29.52 1.49
RB414W -31.01 -30.17 0.84
RB414Y -31.01 -30.82 0.19
RB467A -31.01 -29.95 1.06
RB467C -31.01 -29.99 1.02
RB467D -31.01 -29.94 1.07
RB467E -31.01 -29.96 1.05
RB467F -31.01 -30.19 0.82
RB467G -31.01 -29.98 1.03
RB467H -31.01 -29.96 1.05
RB467I -31.01 -29.96 1.05
RB467K -31.01 -31.14 -0.13
RB467L -31.01 -29.89 1.12
RB467M -31.01 -30.25 0.76
RB467N -31.01 -29.96 1.05
RB467P -31.01 -29.96 1.05
RB467Q -31.01 -30.79 0.22
RB467S -31.01 -29.96 1.05
RB467T -31.01 -29.92 1.09
RB467V -31.01 -29.92 1.09
RB467W -31.01 -30.20 0.81
RB467Y -31.01 -29.96 1.05
SB302A -31.01 -30.27 0.74
SB302C -31.01 -30.37 0.64
SB302D -31.01 -30.04 0.97
SB302E -31.01 -30.21 0.80
SB302F -31.01 -30.74 0.27
SB302G -31.01 -30.25 0.76
SB302H -31.01 -31.09 -0.08
SB302I -31.01 -30.29 0.72
SB302K -31.01 -31.93 -0.92
SB302L -31.01 -30.48 0.53
SB302M -31.01 -30.61 0.40
SB302N -31.01 -31.17 -0.16
SB302P -31.01 -30.33 0.68
SB302Q -31.01 -31.44 -0.43
SB302R -31.01 -31.59 -0.58
SB302T -31.01 -30.69 0.32
SB302V -31.01 -30.41 0.60
SB302W -31.01 -31.31 -0.30
SB302Y -31.01 -30.70 0.31
TB304A -31.01 -30.83 0.18
TB304C -31.01 -31.14 -0.13
TB304D -31.01 -30.80 0.21
TB304E -31.01 -30.79 0.22
TB304F -31.01 -32.69 -1.68
TB304G -31.01 -30.74 0.27
TB304H -31.01 -31.46 -0.45
TB304I -31.01 -31.64 -0.63
TB304K -31.01 -32.98 -1.97
TB304L -31.01 -31.83 -0.82
TB304M -31.01 -33.06 -2.05
TB304N -31.01 -30.86 0.15
TB304P -31.01 -30.90 0.11
TB304Q -31.01 -31.61 -0.60
TB304R -31.01 -33.14 -2.13
TB304S -31.01 -30.60 0.41
TB304V -31.01 -31.40 -0.39
TB304W -31.01 -31.29 -0.28
TB304Y -31.01 -32.11 -1.10
TB317A -31.01 -31.06 -0.05
TB317C -31.01 -31.05 -0.04
TB317D -31.01 -31.80 -0.79
TB317E -31.01 -32.95 -1.94
TB317F -31.01 -30.65 0.36
TB317G -31.01 -31.09 -0.08
TB317H -31.01 -31.01 0.00
TB317I -31.01 -30.96 0.05
TB317K -31.01 -30.98 0.03
TB317L -31.01 -30.94 0.07
TB317M -31.01 -31.12 -0.11
TB317N -31.01 -32.00 -0.99
TB317P -31.01 -31.05 -0.04
TB317Q -31.01 -32.56 -1.55
TB317R -31.01 -30.93 0.08
TB317S -31.01 -31.03 -0.02
TB317V -31.01 -31.00 0.01
TB317W -31.01 -30.47 0.54
TB317Y -31.01 -30.90 0.11
TB456A -31.01 -31.03 -0.02
TB456C -31.01 -31.02 -0.01
TB456D -31.01 -31.04 -0.03
TB456E -31.01 -31.04 -0.03
TB456F -31.01 -31.04 -0.03
TB456G -31.01 -31.06 -0.05
TB456H -31.01 -31.04 -0.03
TB456I -31.01 -31.01 0.00
TB456K -31.01 -31.04 -0.03
TB456L -31.01 -31.04 -0.03
TB456M -31.01 -31.04 -0.03
TB456N -31.01 -31.04 -0.03
TB456P -31.01 -31.04 -0.03
TB456Q -31.01 -31.04 -0.03
TB456R -31.01 -31.04 -0.03
TB456S -31.01 -31.04 -0.03
TB456V -31.01 -31.01 0.00
TB456W -31.01 -31.04 -0.03
TB456Y -31.01 -31.04 -0.03
TB457A -31.01 -29.77 1.24
TB457C -31.01 -30.10 0.91
TB457D -31.01 -30.52 0.49
TB457E -31.01 -30.80 0.21
TB457F -31.01 -29.39 1.62
TB457G -31.01 -29.62 1.39
TB457H -31.01 -29.20 1.81
TB457I -31.01 -30.87 0.14
TB457K -31.01 -30.00 1.01
TB457L -31.01 -31.21 -0.20
TB457M -31.01 -31.71 -0.70
TB457N -31.01 -30.29 0.72
TB457P -31.01 -29.76 1.25
TB457Q -31.01 -30.36 0.65
TB457R -31.01 -30.19 0.82
TB457S -31.01 -30.03 0.98
TB457V -31.01 -30.35 0.66
TB457W -31.01 -28.54 2.47
TB457Y -31.01 -29.73 1.28
TB461A -31.01 -30.57 0.44
TB461C -31.01 -30.96 0.05
TB461D -31.01 -30.22 0.79
TB461E -31.01 -30.85 0.16
TB461F -31.01 -32.52 -1.51
TB461G -31.01 -30.36 0.65
TB461H -31.01 -30.79 0.22
TB461I -31.01 -32.24 -1.23
TB461K -31.01 -31.28 -0.27
TB461L -31.01 -32.86 -1.85
TB461M -31.01 -32.89 -1.88
TB461N -31.01 -30.35 0.66
TB461P -31.01 -30.63 0.38
TB461Q -31.01 -30.77 0.24
TB461R -31.01 -29.12 1.89
TB461S -31.01 -30.31 0.70
TB461V -31.01 -31.41 -0.40
TB461W -31.01 -29.26 1.75
TB461Y -31.01 -31.04 -0.03
VB306A -31.01 -31.02 -0.01
VB306C -31.01 -31.01 0.00
VB306D -31.01 -31.01 0.00
VB306E -31.01 -30.95 0.06
VB306F -31.01 -31.10 -0.09
VB306G -31.01 -31.01 0.00
VB306H -31.01 -31.01 0.00
VB306I -31.01 -31.01 0.00
VB306K -31.01 -31.01 0.00
VB306L -31.01 -31.11 -0.10
VB306M -31.01 -31.02 -0.01
VB306N -31.01 -31.01 0.00
VB306P -31.01 -31.04 -0.03
VB306Q -31.01 -31.00 0.01
VB306R -31.01 -30.78 0.23
VB306S -31.01 -31.01 0.00
VB306T -31.01 -31.01 0.00
VB306W -31.01 -31.01 0.00
VB306Y -31.01 -31.00 0.01
