Mutation_ID PROTON_WT_Scores PROTON_Mutant_Scores DDG_PROTON_Scores
LB416W -31.01 -25.59 5.42
RB308G -31.01 -26.32 4.69
RB308D -31.01 -26.46 4.55
RB308T -31.01 -26.46 4.55
RB308S -31.01 -26.46 4.55
RB308P -31.01 -26.53 4.48
RB308A -31.01 -26.68 4.33
PB305W -31.01 -26.7 4.31
RB308H -31.01 -26.72 4.29
RB308E -31.01 -26.77 4.24
RB308C -31.01 -26.84 4.17
RB308N -31.01 -26.89 4.12
RB308Y -31.01 -27.01 4.0
RB308V -31.01 -27.05 3.96
RB308I -31.01 -27.15 3.86
RB308F -31.01 -27.41 3.6
RB308L -31.01 -27.54 3.47
RB308K -31.01 -27.62 3.39
RB308Q -31.01 -27.69 3.32
RB308M -31.01 -27.75 3.26
DB455W -31.01 -28.11 2.9
