Positions Mutations EvoEF1_WT_Scores EvoEF1_Mutant_Scores Stability_Mutant_Scores Stability_WT_Scores DDG_EvoEF1_Scores DDG_Stability_Scores
R48 A -31.01 -28.05 94.68 94.2 2.96 0.48
R48 C -31.01 -28.12 93.95 94.2 2.89 -0.25
R48 D -31.01 -27.99 94.82 94.2 3.02 0.62
R48 E -31.01 -28.31 94.43 94.2 2.7 0.23
R48 F -31.01 -28.02 94.98 94.2 2.99 0.78
R48 G -31.01 -28.05 95.45 94.2 2.96 1.25
R48 H -31.01 -27.97 94.96 94.2 3.04 0.76
R48 I -31.01 -28.32 93.22 94.2 2.69 -0.98
R48 K -31.01 -29.39 94.15 94.2 1.62 -0.05
R48 L -31.01 -28.14 93.26 94.2 2.87 -0.94
R48 M -31.01 -28.56 93.81 94.2 2.45 -0.39
R48 N -31.01 -28.64 94.54 94.2 2.37 0.34
R48 P -31.01 -28.04 93.99 94.2 2.97 -0.21
R48 Q -31.01 -28.52 94.75 94.2 2.49 0.55
R48 S -31.01 -28.03 94.73 94.2 2.98 0.53
R48 T -31.01 -28.09 94.43 94.2 2.92 0.23
R48 V -31.01 -28.13 93.7 94.2 2.88 -0.5
R48 W -31.01 -28.03 95.09 94.2 2.98 0.89
R48 Y -31.01 -28.03 94.09 94.2 2.98 -0.11
Q50 A -31.01 -31.08 94.18 94.2 -0.07 -0.02
Q50 C -31.01 -31.08 93.2 94.2 -0.07 -1.0
Q50 D -31.01 -31.08 94.29 94.2 -0.07 0.09
Q50 E -31.01 -30.99 93.97 94.2 0.02 -0.23
Q50 F -31.01 -31.08 95.59 94.2 -0.07 1.39
Q50 G -31.01 -31.07 95.04 94.2 -0.06 0.84
Q50 H -31.01 -31.08 94.24 94.2 -0.07 0.04
Q50 I -31.01 -31.12 92.4 94.2 -0.11 -1.8
Q50 K -31.01 -31.34 93.74 94.2 -0.33 -0.46
Q50 L -31.01 -31.08 92.32 94.2 -0.07 -1.88
Q50 M -31.01 -31.06 92.91 94.2 -0.05 -1.29
Q50 N -31.01 -31.04 94.13 94.2 -0.03 -0.07
Q50 P -31.01 -31.08 93.68 94.2 -0.07 -0.52
Q50 R -31.01 -31.95 93.39 94.2 -0.94 -0.81
Q50 S -31.01 -31.08 94.31 94.2 -0.07 0.11
Q50 T -31.01 -31.11 94.08 94.2 -0.1 -0.12
Q50 V -31.01 -31.1 92.93 94.2 -0.09 -1.27
Q50 W -31.01 -31.04 93.32 94.2 -0.03 -0.88
Q50 Y -31.01 -31.06 92.26 94.2 -0.05 -1.94
E56 A -31.01 -28.01 94.34 94.2 3.0 0.14
E56 C -31.01 -27.99 93.57 94.2 3.02 -0.63
E56 D -31.01 -29.02 94.4 94.2 1.99 0.2
E56 F -31.01 -28.19 93.99 94.2 2.82 -0.21
E56 G -31.01 -28.04 95.18 94.2 2.97 0.98
E56 H -31.01 -28.67 94.49 94.2 2.34 0.29
E56 I -31.01 -27.98 92.72 94.2 3.03 -1.48
E56 K -31.01 -27.89 93.83 94.2 3.12 -0.37
E56 L -31.01 -27.91 92.74 94.2 3.1 -1.46
E56 M -31.01 -27.93 93.47 94.2 3.08 -0.73
E56 N -31.01 -29.06 94.14 94.2 1.95 -0.06
E56 P -31.01 -28.02 93.85 94.2 2.99 -0.35
E56 Q -31.01 -29.98 94.36 94.2 1.03 0.16
E56 R -31.01 -27.84 93.17 94.2 3.17 -1.03
E56 S -31.01 -28.02 94.37 94.2 2.99 0.17
E56 T -31.01 -27.97 93.86 94.2 3.04 -0.34
E56 V -31.01 -27.98 93.21 94.2 3.03 -0.99
E56 W -31.01 -28.02 93.9 94.2 2.99 -0.3
E56 Y -31.01 -27.97 93.29 94.2 3.04 -0.91
P57 A -31.01 -31.0 95.28 94.2 0.01 1.08
P57 C -31.01 -31.01 94.24 94.2 0.0 0.04
P57 D -31.01 -30.45 96.0 94.2 0.56 1.8
P57 E -31.01 -31.01 95.51 94.2 0.0 1.31
P57 F -31.01 -31.0 97.04 94.2 0.01 2.84
P57 G -31.01 -31.05 96.43 94.2 -0.04 2.23
P57 H -31.01 -30.96 97.75 94.2 0.05 3.55
P57 I -31.01 -31.05 93.68 94.2 -0.04 -0.52
P57 K -31.01 -31.01 95.17 94.2 0.0 0.97
P57 L -31.01 -30.97 93.84 94.2 0.04 -0.36
P57 M -31.01 -31.01 94.27 94.2 0.0 0.07
P57 N -31.01 -30.13 96.35 94.2 0.88 2.15
P57 Q -31.01 -31.01 96.21 94.2 0.0 2.01
P57 R -31.01 -31.0 95.35 94.2 0.01 1.15
P57 S -31.01 -30.94 95.33 94.2 0.07 1.13
P57 T -31.01 -30.92 94.71 94.2 0.09 0.51
P57 V -31.01 -30.94 94.32 94.2 0.07 0.12
P57 W -31.01 -30.39 96.92 94.2 0.62 2.72
P57 Y -31.01 -31.01 96.3 94.2 0.0 2.1
E59 A -31.01 -28.54 94.42 94.2 2.47 0.22
E59 C -31.01 -28.52 93.51 94.2 2.49 -0.69
E59 D -31.01 -29.75 94.36 94.2 1.26 0.16
E59 F -31.01 -28.63 94.8 94.2 2.38 0.6
E59 G -31.01 -28.55 95.16 94.2 2.46 0.96
E59 H -31.01 -28.52 94.76 94.2 2.49 0.56
E59 I -31.01 -28.5 92.79 94.2 2.51 -1.41
E59 K -31.01 -28.51 94.19 94.2 2.5 -0.01
E59 L -31.01 -28.5 92.93 94.2 2.51 -1.27
E59 M -31.01 -28.49 93.47 94.2 2.52 -0.73
E59 N -31.01 -29.28 94.1 94.2 1.73 -0.1
E59 P -31.01 -28.51 93.72 94.2 2.5 -0.48
E59 Q -31.01 -30.11 94.23 94.2 0.9 0.03
E59 R -31.01 -28.51 93.31 94.2 2.5 -0.89
E59 S -31.01 -29.2 94.35 94.2 1.81 0.15
E59 T -31.01 -29.02 93.75 94.2 1.99 -0.45
E59 V -31.01 -28.51 93.22 94.2 2.5 -0.98
E59 W -31.01 -28.5 94.94 94.2 2.51 0.74
E59 Y -31.01 -28.52 93.93 94.2 2.49 -0.27
V60 A -31.01 -30.93 95.11 94.2 0.08 0.91
V60 C -31.01 -30.93 94.02 94.2 0.08 -0.18
V60 D -31.01 -30.93 95.37 94.2 0.08 1.17
V60 E -31.01 -30.93 95.4 94.2 0.08 1.2
V60 F -31.01 -30.93 94.48 94.2 0.08 0.28
V60 G -31.01 -30.93 95.92 94.2 0.08 1.72
V60 H -31.01 -31.01 96.52 94.2 0.0 2.32
V60 I -31.01 -30.93 93.15 94.2 0.08 -1.05
V60 K -31.01 -30.93 95.33 94.2 0.08 1.13
V60 L -31.01 -30.93 93.09 94.2 0.08 -1.11
V60 M -31.01 -30.93 93.51 94.2 0.08 -0.69
V60 N -31.01 -30.93 95.34 94.2 0.08 1.14
V60 P -31.01 -31.08 94.99 94.2 -0.07 0.79
V60 Q -31.01 -30.93 95.66 94.2 0.08 1.46
V60 R -31.01 -30.93 95.27 94.2 0.08 1.07
V60 S -31.01 -30.93 95.3 94.2 0.08 1.1
V60 T -31.01 -31.05 94.95 94.2 -0.04 0.75
V60 W -31.01 -30.93 97.81 94.2 0.08 3.61
V60 Y -31.01 -31.01 95.56 94.2 0.0 1.36
H61 A -31.01 -31.15 94.36 94.2 -0.14 0.16
H61 C -31.01 -31.15 93.36 94.2 -0.14 -0.84
H61 D -31.01 -31.01 94.38 94.2 0.0 0.18
H61 E -31.01 -31.85 94.16 94.2 -0.84 -0.04
H61 F -31.01 -31.03 93.58 94.2 -0.02 -0.62
H61 G -31.01 -31.15 95.19 94.2 -0.14 0.99
H61 I -31.01 -31.09 92.01 94.2 -0.08 -2.19
H61 K -31.01 -31.15 93.86 94.2 -0.14 -0.34
H61 L -31.01 -31.15 92.88 94.2 -0.14 -1.32
H61 M -31.01 -31.15 92.93 94.2 -0.14 -1.27
H61 N -31.01 -31.11 93.89 94.2 -0.1 -0.31
H61 P -31.01 -31.15 93.81 94.2 -0.14 -0.39
H61 Q -31.01 -31.82 94.04 94.2 -0.81 -0.16
H61 R -31.01 -31.15 93.13 94.2 -0.14 -1.07
H61 S -31.01 -31.12 94.31 94.2 -0.11 0.11
H61 T -31.01 -31.15 93.68 94.2 -0.14 -0.52
H61 V -31.01 -31.09 92.86 94.2 -0.08 -1.34
H61 W -31.01 -30.93 93.38 94.2 0.08 -0.82
H61 Y -31.01 -31.1 93.27 94.2 -0.09 -0.93
E70 A -31.01 -29.47 94.43 94.2 1.54 0.23
E70 C -31.01 -29.48 93.66 94.2 1.53 -0.54
E70 D -31.01 -30.47 94.46 94.2 0.54 0.26
E70 F -31.01 -29.64 94.36 94.2 1.37 0.16
E70 G -31.01 -29.5 95.19 94.2 1.51 0.99
E70 H -31.01 -29.47 94.61 94.2 1.54 0.41
E70 I -31.01 -29.43 92.83 94.2 1.58 -1.37
E70 K -31.01 -29.46 94.0 94.2 1.55 -0.2
E70 L -31.01 -29.45 92.97 94.2 1.56 -1.23
E70 M -31.01 -29.94 93.8 94.2 1.07 -0.4
E70 N -31.01 -31.1 94.0 94.2 -0.09 -0.2
E70 P -31.01 -29.45 93.84 94.2 1.56 -0.36
E70 Q -31.01 -31.18 94.1 94.2 -0.17 -0.1
E70 R -31.01 -29.42 93.41 94.2 1.59 -0.79
E70 S -31.01 -30.19 94.46 94.2 0.82 0.26
E70 T -31.01 -30.79 94.01 94.2 0.22 -0.19
E70 V -31.01 -29.47 93.26 94.2 1.54 -0.94
E70 W -31.01 -29.89 94.89 94.2 1.12 0.69
E70 Y -31.01 -29.63 93.64 94.2 1.38 -0.56
L71 A -31.01 -30.29 95.56 94.2 0.72 1.36
L71 C -31.01 -30.55 94.85 94.2 0.46 0.65
L71 D -31.01 -30.19 95.51 94.2 0.82 1.31
L71 E -31.01 -30.43 95.21 94.2 0.58 1.01
L71 F -31.01 -31.96 95.66 94.2 -0.95 1.46
L71 G -31.01 -29.97 96.31 94.2 1.04 2.11
L71 H -31.01 -30.84 95.72 94.2 0.17 1.52
L71 I -31.01 -31.31 94.05 94.2 -0.3 -0.15
L71 K -31.01 -31.3 94.91 94.2 -0.29 0.71
L71 M -31.01 -31.95 94.94 94.2 -0.94 0.74
L71 N -31.01 -29.99 95.0 94.2 1.02 0.8
L71 P -31.01 -30.31 94.93 94.2 0.7 0.73
L71 Q -31.01 -31.07 95.14 94.2 -0.06 0.94
L71 R -31.01 -31.09 94.37 94.2 -0.08 0.17
L71 S -31.01 -30.17 95.54 94.2 0.84 1.34
L71 T -31.01 -30.7 95.14 94.2 0.31 0.94
L71 V -31.01 -30.91 94.52 94.2 0.1 0.32
L71 W -31.01 -31.59 96.17 94.2 -0.58 1.97
L71 Y -31.01 -31.44 95.22 94.2 -0.43 1.02
A72 C -31.01 -31.02 93.35 94.2 -0.01 -0.85
A72 D -31.01 -30.81 94.73 94.2 0.2 0.53
A72 E -31.01 -30.96 94.76 94.2 0.05 0.56
A72 F -31.01 -31.21 95.67 94.2 -0.2 1.47
A72 G -31.01 -31.0 95.12 94.2 0.01 0.92
A72 H -31.01 -30.95 95.07 94.2 0.06 0.87
A72 I -31.01 -31.02 92.46 94.2 -0.01 -1.74
A72 K -31.01 -30.94 93.8 94.2 0.07 -0.4
A72 L -31.01 -31.0 92.76 94.2 0.01 -1.44
A72 M -31.01 -31.04 93.33 94.2 -0.03 -0.87
A72 N -31.01 -30.93 94.44 94.2 0.08 0.24
A72 P -31.01 -31.35 93.84 94.2 -0.34 -0.36
A72 Q -31.01 -30.99 94.65 94.2 0.02 0.45
A72 R -31.01 -30.97 93.63 94.2 0.04 -0.57
A72 S -31.01 -30.98 94.38 94.2 0.03 0.18
A72 T -31.01 -31.02 94.42 94.2 -0.01 0.22
A72 V -31.01 -31.01 93.08 94.2 0.0 -1.12
A72 W -31.01 -31.0 97.05 94.2 0.01 2.85
A72 Y -31.01 -31.35 92.78 94.2 -0.34 -1.42
D73 A -31.01 -29.13 94.82 94.2 1.88 0.62
D73 C -31.01 -29.6 94.12 94.2 1.41 -0.08
D73 E -31.01 -29.59 94.13 94.2 1.42 -0.07
D73 F -31.01 -28.28 95.05 94.2 2.73 0.85
D73 G -31.01 -28.87 95.52 94.2 2.14 1.32
D73 H -31.01 -28.51 95.0 94.2 2.5 0.8
D73 I -31.01 -30.34 93.47 94.2 0.67 -0.73
D73 K -31.01 -30.53 94.56 94.2 0.48 0.36
D73 L -31.01 -30.23 93.57 94.2 0.78 -0.63
D73 M -31.01 -31.08 94.19 94.2 -0.07 -0.01
D73 N -31.01 -29.21 94.23 94.2 1.8 0.03
D73 P -31.01 -29.84 94.32 94.2 1.17 0.12
D73 Q -31.01 -29.95 94.59 94.2 1.06 0.39
D73 R -31.01 -30.16 94.12 94.2 0.85 -0.08
D73 S -31.01 -30.62 94.6 94.2 0.39 0.4
D73 T -31.01 -30.54 94.4 94.2 0.47 0.2
D73 V -31.01 -30.04 93.81 94.2 0.97 -0.39
D73 W -31.01 -27.79 95.59 94.2 3.22 1.39
D73 Y -31.01 -29.35 94.65 94.2 1.66 0.45
S74 A -31.01 -31.1 94.51 94.2 -0.09 0.31
S74 C -31.01 -31.13 93.66 94.2 -0.12 -0.54
S74 D -31.01 -30.92 94.39 94.2 0.09 0.19
S74 E -31.01 -31.21 94.51 94.2 -0.2 0.31
S74 F -31.01 -31.27 94.22 94.2 -0.26 0.02
S74 G -31.01 -31.0 95.25 94.2 0.01 1.05
S74 H -31.01 -31.11 94.58 94.2 -0.1 0.38
S74 I -31.01 -31.5 92.82 94.2 -0.49 -1.38
S74 K -31.01 -31.09 94.34 94.2 -0.08 0.14
S74 L -31.01 -31.34 92.71 94.2 -0.33 -1.49
S74 M -31.01 -31.69 93.47 94.2 -0.68 -0.73
S74 N -31.01 -30.84 93.6 94.2 0.17 -0.6
S74 P -31.01 -31.11 94.0 94.2 -0.1 -0.2
S74 Q -31.01 -31.15 94.31 94.2 -0.14 0.11
S74 R -31.01 -31.06 93.38 94.2 -0.05 -0.82
S74 T -31.01 -31.28 93.97 94.2 -0.27 -0.23
S74 V -31.01 -31.31 93.25 94.2 -0.3 -0.95
S74 W -31.01 -31.11 93.82 94.2 -0.1 -0.38
S74 Y -31.01 -31.54 94.49 94.2 -0.53 0.29
T75 A -31.01 -29.93 94.89 94.2 1.08 0.69
T75 C -31.01 -30.12 94.14 94.2 0.89 -0.06
T75 D -31.01 -30.13 94.94 94.2 0.88 0.74
T75 E -31.01 -31.15 94.27 94.2 -0.14 0.07
T75 F -31.01 -32.12 94.85 94.2 -1.11 0.65
T75 G -31.01 -29.91 95.6 94.2 1.1 1.4
T75 H -31.01 -31.71 94.78 94.2 -0.7 0.58
T75 I -31.01 -30.19 93.36 94.2 0.82 -0.84
T75 K -31.01 -31.21 94.53 94.2 -0.2 0.33
T75 L -31.01 -30.59 93.58 94.2 0.42 -0.62
T75 M -31.01 -31.13 93.98 94.2 -0.12 -0.22
T75 N -31.01 -30.62 94.44 94.2 0.39 0.24
T75 P -31.01 -29.89 94.62 94.2 1.12 0.42
T75 Q -31.01 -31.86 94.4 94.2 -0.85 0.2
T75 R -31.01 -31.36 93.73 94.2 -0.35 -0.47
T75 S -31.01 -31.05 94.88 94.2 -0.04 0.68
T75 V -31.01 -29.55 93.93 94.2 1.46 -0.27
T75 W -31.01 -32.01 94.97 94.2 -1.0 0.77
T75 Y -31.01 -30.15 94.32 94.2 0.86 0.12
Q76 A -31.01 -31.14 94.31 94.2 -0.13 0.11
Q76 C -31.01 -31.13 93.5 94.2 -0.12 -0.7
Q76 D -31.01 -30.76 94.46 94.2 0.25 0.26
Q76 E -31.01 -30.83 93.88 94.2 0.18 -0.32
Q76 F -31.01 -31.54 94.24 94.2 -0.53 0.04
Q76 G -31.01 -30.93 95.01 94.2 0.08 0.81
Q76 H -31.01 -31.36 94.67 94.2 -0.35 0.47
Q76 I -31.01 -31.91 92.72 94.2 -0.9 -1.48
Q76 K -31.01 -30.79 93.8 94.2 0.22 -0.4
Q76 L -31.01 -31.97 92.73 94.2 -0.96 -1.47
Q76 M -31.01 -32.37 93.29 94.2 -1.36 -0.91
Q76 N -31.01 -30.99 94.21 94.2 0.02 0.01
Q76 P -31.01 -30.55 93.78 94.2 0.46 -0.42
Q76 R -31.01 -30.66 93.03 94.2 0.35 -1.17
Q76 S -31.01 -31.0 94.27 94.2 0.01 0.07
Q76 T -31.01 -31.38 93.87 94.2 -0.37 -0.33
Q76 V -31.01 -31.36 93.21 94.2 -0.35 -0.99
Q76 W -31.01 -31.67 95.31 94.2 -0.66 1.11
Q76 Y -31.01 -31.17 93.16 94.2 -0.16 -1.04
T77 A -31.01 -30.42 94.79 94.2 0.59 0.59
T77 C -31.01 -30.95 94.01 94.2 0.06 -0.19
T77 D -31.01 -29.98 94.85 94.2 1.03 0.65
T77 E -31.01 -30.56 94.17 94.2 0.45 -0.03
T77 F -31.01 -31.69 93.9 94.2 -0.68 -0.3
T77 G -31.01 -30.1 95.55 94.2 0.91 1.35
T77 H -31.01 -31.03 94.87 94.2 -0.02 0.67
T77 I -31.01 -32.42 93.15 94.2 -1.41 -1.05
T77 K -31.01 -30.62 94.15 94.2 0.39 -0.05
T77 L -31.01 -32.97 93.3 94.2 -1.96 -0.9
T77 M -31.01 -32.36 93.82 94.2 -1.35 -0.38
T77 N -31.01 -30.04 94.32 94.2 0.97 0.12
T77 P -31.01 -30.6 94.54 94.2 0.41 0.34
T77 Q -31.01 -30.46 94.43 94.2 0.55 0.23
T77 R -31.01 -30.93 93.64 94.2 0.08 -0.56
T77 S -31.01 -30.16 94.8 94.2 0.85 0.6
T77 V -31.01 -31.62 93.69 94.2 -0.61 -0.51
T77 W -31.01 -32.76 94.96 94.2 -1.75 0.76
T77 Y -31.01 -32.51 94.27 94.2 -1.5 0.07
Q78 A -31.01 -29.87 94.18 94.2 1.14 -0.02
Q78 C -31.01 -29.87 93.25 94.2 1.14 -0.95
Q78 D -31.01 -30.28 94.34 94.2 0.73 0.14
Q78 E -31.01 -31.06 93.88 94.2 -0.05 -0.32
Q78 F -31.01 -31.36 93.3 94.2 -0.35 -0.9
Q78 G -31.01 -29.63 95.18 94.2 1.38 0.98
Q78 H -31.01 -30.06 94.36 94.2 0.95 0.16
Q78 I -31.01 -30.56 92.24 94.2 0.45 -1.96
Q78 K -31.01 -29.72 93.56 94.2 1.29 -0.64
Q78 L -31.01 -30.46 92.41 94.2 0.55 -1.79
Q78 M -31.01 -31.2 92.85 94.2 -0.19 -1.35
Q78 N -31.01 -30.25 94.02 94.2 0.76 -0.18
Q78 P -31.01 -29.24 93.43 94.2 1.77 -0.77
Q78 R -31.01 -29.72 93.19 94.2 1.29 -1.01
Q78 S -31.01 -29.61 94.23 94.2 1.4 0.03
Q78 T -31.01 -29.81 93.53 94.2 1.2 -0.67
Q78 V -31.01 -30.16 92.8 94.2 0.85 -1.4
Q78 W -31.01 -29.09 94.58 94.2 1.92 0.38
Q78 Y -31.01 -30.43 93.09 94.2 0.58 -1.11
V79 A -31.01 -30.16 95.4 94.2 0.85 1.2
V79 C -31.01 -30.38 94.55 94.2 0.63 0.35
V79 D -31.01 -30.92 95.44 94.2 0.09 1.24
V79 E -31.01 -30.98 95.11 94.2 0.03 0.91
V79 F -31.01 -33.52 94.78 94.2 -2.51 0.58
V79 G -31.01 -29.61 96.23 94.2 1.4 2.03
V79 H -31.01 -30.69 95.52 94.2 0.32 1.32
V79 I -31.01 -31.99 93.52 94.2 -0.98 -0.68
V79 K -31.01 -31.7 94.76 94.2 -0.69 0.56
V79 L -31.01 -32.24 93.65 94.2 -1.23 -0.55
V79 M -31.01 -32.61 94.14 94.2 -1.6 -0.06
V79 N -31.01 -29.58 94.89 94.2 1.43 0.69
V79 P -31.01 -30.4 95.05 94.2 0.61 0.85
V79 Q -31.01 -30.1 94.79 94.2 0.91 0.59
V79 R -31.01 -29.69 94.01 94.2 1.32 -0.19
V79 S -31.01 -29.66 95.44 94.2 1.35 1.24
V79 T -31.01 -30.44 94.94 94.2 0.57 0.74
V79 W -31.01 -32.36 94.85 94.2 -1.35 0.65
V79 Y -31.01 -32.07 94.68 94.2 -1.06 0.48
P80 A -31.01 -30.9 95.37 94.2 0.11 1.17
P80 C -31.01 -31.2 94.58 94.2 -0.19 0.38
P80 D -31.01 -30.78 95.01 94.2 0.23 0.81
P80 E -31.01 -30.44 94.95 94.2 0.57 0.75
P80 F -31.01 -31.28 95.26 94.2 -0.27 1.06
P80 G -31.01 -30.84 96.43 94.2 0.17 2.23
P80 H -31.01 -31.19 95.01 94.2 -0.18 0.81
P80 I -31.01 -31.61 93.9 94.2 -0.6 -0.3
P80 K -31.01 -29.07 94.91 94.2 1.94 0.71
P80 L -31.01 -31.85 93.68 94.2 -0.84 -0.52
P80 M -31.01 -31.91 94.18 94.2 -0.9 -0.02
P80 N -31.01 -31.03 94.8 94.2 -0.02 0.6
P80 Q -31.01 -29.53 94.78 94.2 1.48 0.58
P80 R -31.01 -27.96 94.18 94.2 3.05 -0.02
P80 S -31.01 -30.85 94.99 94.2 0.16 0.79
P80 T -31.01 -31.24 94.53 94.2 -0.23 0.33
P80 V -31.01 -31.3 94.7 94.2 -0.29 0.5
P80 W -31.01 -26.07 95.11 94.2 4.94 0.91
P80 Y -31.01 -31.33 94.55 94.2 -0.32 0.35
L81 A -31.01 -30.91 95.92 94.2 0.1 1.72
L81 C -31.01 -30.91 95.0 94.2 0.1 0.8
L81 D -31.01 -31.58 96.01 94.2 -0.57 1.81
L81 E -31.01 -32.1 95.62 94.2 -1.09 1.42
L81 F -31.01 -31.11 95.63 94.2 -0.1 1.43
L81 G -31.01 -30.98 96.6 94.2 0.03 2.4
L81 H -31.01 -31.46 96.67 94.2 -0.45 2.47
L81 I -31.01 -31.03 94.21 94.2 -0.02 0.01
L81 K -31.01 -30.77 95.52 94.2 0.24 1.32
L81 M -31.01 -31.42 94.57 94.2 -0.41 0.37
L81 N -31.01 -32.3 95.56 94.2 -1.29 1.36
L81 P -31.01 -30.94 95.82 94.2 0.07 1.62
L81 Q -31.01 -31.74 95.74 94.2 -0.73 1.54
L81 R -31.01 -30.69 95.06 94.2 0.32 0.86
L81 S -31.01 -30.86 95.92 94.2 0.15 1.72
L81 T -31.01 -30.84 95.67 94.2 0.17 1.47
L81 V -31.01 -30.84 94.74 94.2 0.17 0.54
L81 W -31.01 -31.28 96.68 94.2 -0.27 2.48
L81 Y -31.01 -31.06 95.86 94.2 -0.05 1.66
G82 A -31.01 -30.97 94.7 94.2 0.04 0.5
G82 C -31.01 -30.98 94.7 94.2 0.03 0.5
G82 D -31.01 -30.98 97.0 94.2 0.03 2.8
G82 E -31.01 -30.98 96.04 94.2 0.03 1.84
G82 F -31.01 -30.98 97.42 94.2 0.03 3.22
G82 H -31.01 -30.98 98.97 94.2 0.03 4.77
G82 I -31.01 -30.98 95.86 94.2 0.03 1.66
G82 K -31.01 -30.98 96.18 94.2 0.03 1.98
G82 L -31.01 -30.98 95.38 94.2 0.03 1.18
G82 M -31.01 -30.95 95.16 94.2 0.06 0.96
G82 N -31.01 -30.98 97.2 94.2 0.03 3.0
G82 P -31.01 -30.97 94.95 94.2 0.04 0.75
G82 Q -31.01 -30.96 96.14 94.2 0.05 1.94
G82 R -31.01 -30.98 95.68 94.2 0.03 1.48
G82 S -31.01 -30.98 96.18 94.2 0.03 1.98
G82 T -31.01 -30.98 97.04 94.2 0.03 2.84
G82 V -31.01 -30.98 95.81 94.2 0.03 1.61
G82 W -31.01 -30.94 97.73 94.2 0.07 3.53
G82 Y -31.01 -30.98 97.15 94.2 0.03 2.95
E83 A -31.01 -28.19 94.43 94.2 2.82 0.23
E83 C -31.01 -28.57 93.75 94.2 2.44 -0.45
E83 D -31.01 -29.43 94.4 94.2 1.58 0.2
E83 F -31.01 -30.17 94.85 94.2 0.84 0.65
E83 G -31.01 -28.05 95.18 94.2 2.96 0.98
E83 H -31.01 -29.33 95.16 94.2 1.68 0.96
E83 I -31.01 -29.55 93.0 94.2 1.46 -1.2
E83 K -31.01 -29.67 93.96 94.2 1.34 -0.24
E83 L -31.01 -29.23 93.13 94.2 1.78 -1.07
E83 M -31.01 -29.53 93.91 94.2 1.48 -0.29
E83 N -31.01 -29.34 94.12 94.2 1.67 -0.08
E83 P -31.01 -28.19 94.06 94.2 2.82 -0.14
E83 Q -31.01 -29.52 94.36 94.2 1.49 0.16
E83 R -31.01 -29.79 93.63 94.2 1.22 -0.57
E83 S -31.01 -28.1 94.4 94.2 2.91 0.2
E83 T -31.01 -28.55 94.02 94.2 2.46 -0.18
E83 V -31.01 -28.83 93.41 94.2 2.18 -0.79
E83 W -31.01 -28.34 95.21 94.2 2.67 1.01
E83 Y -31.01 -28.12 94.47 94.2 2.89 0.27
D84 A -31.01 -31.16 94.53 94.2 -0.15 0.33
D84 C -31.01 -31.15 93.54 94.2 -0.14 -0.66
D84 E -31.01 -31.75 93.9 94.2 -0.74 -0.3
D84 F -31.01 -31.26 95.18 94.2 -0.25 0.98
D84 G -31.01 -31.17 95.09 94.2 -0.16 0.89
D84 H -31.01 -32.18 95.36 94.2 -1.17 1.16
D84 I -31.01 -31.17 93.13 94.2 -0.16 -1.07
D84 K -31.01 -31.89 93.9 94.2 -0.88 -0.3
D84 L -31.01 -31.15 92.92 94.2 -0.14 -1.28
D84 M -31.01 -31.15 93.49 94.2 -0.14 -0.71
D84 N -31.01 -31.5 94.15 94.2 -0.49 -0.05
D84 P -31.01 -31.31 94.04 94.2 -0.3 -0.16
D84 Q -31.01 -32.68 94.11 94.2 -1.67 -0.09
D84 R -31.01 -32.5 92.9 94.2 -1.49 -1.3
D84 S -31.01 -31.1 94.15 94.2 -0.09 -0.05
D84 T -31.01 -31.09 93.67 94.2 -0.08 -0.53
D84 V -31.01 -31.18 93.63 94.2 -0.17 -0.57
D84 W -31.01 -31.15 95.83 94.2 -0.14 1.63
D84 Y -31.01 -31.71 94.24 94.2 -0.7 0.04
E85 A -31.01 -31.04 94.44 94.2 -0.03 0.24
E85 C -31.01 -31.16 93.57 94.2 -0.15 -0.63
E85 D -31.01 -30.79 94.41 94.2 0.22 0.21
E85 F -31.01 -32.19 93.51 94.2 -1.18 -0.69
E85 G -31.01 -30.96 95.16 94.2 0.05 0.96
E85 H -31.01 -32.08 94.53 94.2 -1.07 0.33
E85 I -31.01 -31.49 92.86 94.2 -0.48 -1.34
E85 K -31.01 -31.34 94.02 94.2 -0.33 -0.18
E85 L -31.01 -31.43 92.95 94.2 -0.42 -1.25
E85 M -31.01 -32.03 93.51 94.2 -1.02 -0.69
E85 N -31.01 -30.96 94.05 94.2 0.05 -0.15
E85 P -31.01 -31.39 94.51 94.2 -0.38 0.31
E85 Q -31.01 -32.2 94.33 94.2 -1.19 0.13
E85 R -31.01 -30.97 93.31 94.2 0.04 -0.89
E85 S -31.01 -30.98 94.4 94.2 0.03 0.2
E85 T -31.01 -31.21 93.98 94.2 -0.2 -0.22
E85 V -31.01 -31.25 93.29 94.2 -0.24 -0.91
E85 W -31.01 -32.08 94.47 94.2 -1.07 0.27
E85 Y -31.01 -31.0 93.57 94.2 0.01 -0.63
W89 A -31.01 -30.4 98.04 94.2 0.61 3.84
W89 C -31.01 -30.4 96.96 94.2 0.61 2.76
W89 D -31.01 -30.4 98.45 94.2 0.61 4.25
W89 E -31.01 -30.32 98.18 94.2 0.69 3.98
W89 F -31.01 -30.46 95.88 94.2 0.55 1.68
W89 G -31.01 -30.4 98.91 94.2 0.61 4.71
W89 H -31.01 -30.37 97.56 94.2 0.64 3.36
W89 I -31.01 -30.38 95.81 94.2 0.63 1.61
W89 K -31.01 -30.4 97.38 94.2 0.61 3.18
W89 L -31.01 -30.37 96.33 94.2 0.64 2.13
W89 M -31.01 -30.57 96.29 94.2 0.44 2.09
W89 N -31.01 -30.4 97.77 94.2 0.61 3.57
W89 P -31.01 -30.4 97.56 94.2 0.61 3.36
W89 Q -31.01 -30.3 97.85 94.2 0.71 3.65
W89 R -31.01 -30.16 97.16 94.2 0.85 2.96
W89 S -31.01 -30.4 97.65 94.2 0.61 3.45
W89 T -31.01 -30.4 97.11 94.2 0.61 2.91
W89 V -31.01 -30.4 96.58 94.2 0.61 2.38
W89 Y -31.01 -30.3 95.66 94.2 0.71 1.46
I90 A -31.01 -30.73 96.06 94.2 0.28 1.86
I90 C -31.01 -30.75 95.08 94.2 0.26 0.88
I90 D -31.01 -30.69 96.35 94.2 0.32 2.15
I90 E -31.01 -30.72 95.73 94.2 0.29 1.53
I90 F -31.01 -30.81 94.92 94.2 0.2 0.72
I90 G -31.01 -30.66 96.85 94.2 0.35 2.65
I90 H -31.01 -30.76 95.88 94.2 0.25 1.68
I90 K -31.01 -31.51 95.67 94.2 -0.5 1.47
I90 L -31.01 -31.24 94.31 94.2 -0.23 0.11
I90 M -31.01 -30.77 94.68 94.2 0.24 0.48
I90 N -31.01 -30.73 95.96 94.2 0.28 1.76
I90 P -31.01 -30.78 95.33 94.2 0.23 1.13
I90 Q -31.01 -30.7 95.81 94.2 0.31 1.61
I90 R -31.01 -30.62 95.23 94.2 0.39 1.03
I90 S -31.01 -30.7 96.19 94.2 0.31 1.99
I90 T -31.01 -30.91 95.59 94.2 0.1 1.39
I90 V -31.01 -30.99 94.69 94.2 0.02 0.49
I90 W -31.01 -31.06 96.24 94.2 -0.05 2.04
I90 Y -31.01 -30.8 95.91 94.2 0.21 1.71
V92 A -31.01 -30.67 95.49 94.2 0.34 1.29
V92 C -31.01 -30.72 94.51 94.2 0.29 0.31
V92 D -31.01 -30.47 95.59 94.2 0.54 1.39
V92 E -31.01 -30.52 95.21 94.2 0.49 1.01
V92 F -31.01 -31.47 94.61 94.2 -0.46 0.41
V92 G -31.01 -30.45 96.27 94.2 0.56 2.07
V92 H -31.01 -31.55 95.27 94.2 -0.54 1.07
V92 I -31.01 -31.16 93.68 94.2 -0.15 -0.52
V92 K -31.01 -31.39 95.2 94.2 -0.38 1.0
V92 L -31.01 -30.98 93.85 94.2 0.03 -0.35
V92 M -31.01 -31.09 94.26 94.2 -0.08 0.06
V92 N -31.01 -30.43 95.39 94.2 0.58 1.19
V92 P -31.01 -30.76 94.83 94.2 0.25 0.63
V92 Q -31.01 -30.88 95.58 94.2 0.13 1.38
V92 R -31.01 -30.98 94.6 94.2 0.03 0.4
V92 S -31.01 -30.49 95.63 94.2 0.52 1.43
V92 T -31.01 -30.69 95.19 94.2 0.32 0.99
V92 W -31.01 -31.42 96.6 94.2 -0.41 2.4
V92 Y -31.01 -31.45 94.59 94.2 -0.44 0.39
Q94 A -31.01 -30.09 93.98 94.2 0.92 -0.22
Q94 C -31.01 -30.08 93.23 94.2 0.93 -0.97
Q94 D -31.01 -30.04 94.35 94.2 0.97 0.15
Q94 E -31.01 -29.89 93.75 94.2 1.12 -0.45
Q94 F -31.01 -30.33 94.22 94.2 0.68 0.02
Q94 G -31.01 -30.09 94.73 94.2 0.92 0.53
Q94 H -31.01 -31.01 93.84 94.2 0.0 -0.36
Q94 I -31.01 -30.07 92.32 94.2 0.94 -1.88
Q94 K -31.01 -31.01 93.72 94.2 0.0 -0.48
Q94 L -31.01 -30.2 92.6 94.2 0.81 -1.6
Q94 M -31.01 -30.32 92.78 94.2 0.69 -1.42
Q94 N -31.01 -30.01 94.25 94.2 1.0 0.05
Q94 P -31.01 -30.06 93.66 94.2 0.95 -0.54
Q94 R -31.01 -31.23 93.2 94.2 -0.22 -1.0
Q94 S -31.01 -30.07 94.03 94.2 0.94 -0.17
Q94 T -31.01 -30.06 93.75 94.2 0.95 -0.45
Q94 V -31.01 -30.07 93.12 94.2 0.94 -1.08
Q94 W -31.01 -30.55 95.69 94.2 0.46 1.49
Q94 Y -31.01 -30.3 93.38 94.2 0.71 -0.82
R96 A -31.01 -31.28 95.37 94.2 -0.27 1.17
R96 C -31.01 -31.25 94.5 94.2 -0.24 0.3
R96 D -31.01 -32.18 95.72 94.2 -1.17 1.52
R96 E -31.01 -31.85 95.21 94.2 -0.84 1.01
R96 F -31.01 -31.28 94.62 94.2 -0.27 0.42
R96 G -31.01 -31.32 96.08 94.2 -0.31 1.88
R96 H -31.01 -31.28 95.7 94.2 -0.27 1.5
R96 I -31.01 -31.14 93.9 94.2 -0.13 -0.3
R96 K -31.01 -31.09 95.12 94.2 -0.08 0.92
R96 L -31.01 -31.25 94.12 94.2 -0.24 -0.08
R96 M -31.01 -31.32 94.68 94.2 -0.31 0.48
R96 N -31.01 -32.21 95.18 94.2 -1.2 0.98
R96 P -31.01 -31.22 94.78 94.2 -0.21 0.58
R96 Q -31.01 -31.75 95.53 94.2 -0.74 1.33
R96 S -31.01 -31.85 95.42 94.2 -0.84 1.22
R96 T -31.01 -31.79 95.13 94.2 -0.78 0.93
R96 V -31.01 -31.22 94.28 94.2 -0.21 0.08
R96 W -31.01 -31.28 94.99 94.2 -0.27 0.79
R96 Y -31.01 -31.28 94.33 94.2 -0.27 0.13
