Mutation_ID PROTON_WT_Scores PROTON_Mutant_Scores DDG_PROTON_Scores
QD78P -68.48 -61.72 6.76
QD76P -68.48 -62.57 5.91
PD80W -68.48 -63.47 5.01
RD48D -68.48 -63.97 4.51
RD48H -68.48 -63.98 4.5
RD48F -68.48 -64.01 4.47
RD48S -68.48 -64.02 4.46
RD48Y -68.48 -64.02 4.46
RD48P -68.48 -64.03 4.45
RD48W -68.48 -64.03 4.45
RD48G -68.48 -64.04 4.44
RD48A -68.48 -64.04 4.44
RD48T -68.48 -64.08 4.4
RD48C -68.48 -64.11 4.37
RD48V -68.48 -64.12 4.36
RD48L -68.48 -64.13 4.35
RD48I -68.48 -64.31 4.17
RD48E -68.48 -64.32 4.16
RD48Q -68.48 -64.5 3.98
RD48M -68.48 -64.55 3.93
RD48N -68.48 -64.65 3.83
SD74P -68.48 -64.79 3.69
DD73W -68.48 -64.89 3.59
ED56K -68.48 -65.28 3.2
ED56R -68.48 -65.35 3.13
DD73F -68.48 -65.38 3.1
ED56L -68.48 -65.45 3.03
ED56M -68.48 -65.47 3.01
ED56T -68.48 -65.51 2.97
ED56V -68.48 -65.51 2.97
ED56I -68.48 -65.52 2.96
ED56C -68.48 -65.53 2.95
ED83G -68.48 -65.54 2.94
ED56Y -68.48 -65.54 2.94
ED56W -68.48 -65.54 2.94
ED56S -68.48 -65.55 2.93
ED56P -68.48 -65.55 2.93
ED56A -68.48 -65.55 2.93
DD73H -68.48 -65.57 2.91
ED56G -68.48 -65.58 2.9
ED83Y -68.48 -65.6 2.88
ED83S -68.48 -65.61 2.87
ED83A -68.48 -65.67 2.81
ED83P -68.48 -65.68 2.8
ED56F -68.48 -65.73 2.75
ED83W -68.48 -65.82 2.66
DD73G -68.48 -65.94 2.54
RD48K -68.48 -65.95 2.53
PD80R -68.48 -65.99 2.49
