Mutation_ID PROTON_WT_Scores PROTON_Mutant_Scores DDG_PROTON_Scores
AD72C -68.48 -68.48 0.00
AD72D -68.48 -68.34 0.14
AD72E -68.48 -68.43 0.05
AD72F -68.48 -68.66 -0.18
AD72G -68.48 -68.47 0.01
AD72H -68.48 -68.41 0.07
AD72I -68.48 -68.49 -0.01
AD72K -68.48 -68.42 0.06
AD72L -68.48 -68.47 0.01
AD72M -68.48 -68.52 -0.04
AD72N -68.48 -68.39 0.09
AD72P -68.48 -68.82 -0.34
AD72Q -68.48 -68.46 0.02
AD72R -68.48 -68.44 0.04
AD72S -68.48 -68.44 0.04
AD72T -68.48 -68.49 -0.01
AD72V -68.48 -68.49 -0.01
AD72W -68.48 -68.47 0.01
AD72Y -68.48 -68.79 -0.31
DD73A -68.48 -66.20 2.28
DD73C -68.48 -66.65 1.83
DD73E -68.48 -67.49 0.99
DD73F -68.48 -65.38 3.10
DD73G -68.48 -65.94 2.54
DD73H -68.48 -65.57 2.91
DD73I -68.48 -67.41 1.07
DD73K -68.48 -67.63 0.85
DD73L -68.48 -67.31 1.17
DD73M -68.48 -68.18 0.30
DD73N -68.48 -66.78 1.70
DD73P -68.48 -66.96 1.52
DD73Q -68.48 -67.25 1.23
DD73R -68.48 -67.18 1.30
DD73S -68.48 -67.68 0.80
DD73T -68.48 -67.59 0.89
DD73V -68.48 -67.11 1.37
DD73W -68.48 -64.89 3.59
DD73Y -68.48 -66.49 1.99
DD84A -68.48 -68.62 -0.14
DD84C -68.48 -68.62 -0.14
DD84E -68.48 -69.19 -0.71
DD84F -68.48 -68.73 -0.25
DD84G -68.48 -68.63 -0.15
DD84H -68.48 -69.68 -1.20
DD84I -68.48 -68.64 -0.16
DD84K -68.48 -70.83 -2.35
DD84L -68.48 -68.62 -0.14
DD84M -68.48 -68.62 -0.14
DD84N -68.48 -69.01 -0.53
DD84P -68.48 -68.75 -0.27
DD84Q -68.48 -70.19 -1.71
DD84R -68.48 -69.99 -1.51
DD84S -68.48 -68.58 -0.10
DD84T -68.48 -68.56 -0.08
DD84V -68.48 -68.65 -0.17
DD84W -68.48 -68.62 -0.14
DD84Y -68.48 -69.19 -0.71
ED56A -68.48 -65.55 2.93
ED56C -68.48 -65.53 2.95
ED56D -68.48 -66.51 1.97
ED56F -68.48 -65.73 2.75
ED56G -68.48 -65.58 2.90
ED56H -68.48 -66.24 2.24
ED56I -68.48 -65.52 2.96
ED56K -68.48 -65.28 3.20
ED56L -68.48 -65.45 3.03
ED56M -68.48 -65.47 3.01
ED56N -68.48 -66.57 1.91
ED56P -68.48 -65.55 2.93
ED56Q -68.48 -67.49 0.99
ED56R -68.48 -65.35 3.13
ED56S -68.48 -65.55 2.93
ED56T -68.48 -65.51 2.97
ED56V -68.48 -65.51 2.97
ED56W -68.48 -65.54 2.94
ED56Y -68.48 -65.54 2.94
ED59A -68.48 -66.10 2.38
ED59C -68.48 -66.09 2.39
ED59D -68.48 -67.29 1.19
ED59F -68.48 -66.19 2.29
ED59G -68.48 -66.11 2.37
ED59H -68.48 -66.08 2.40
ED59I -68.48 -66.06 2.42
ED59K -68.48 -66.11 2.37
ED59L -68.48 -66.05 2.43
ED59M -68.48 -66.05 2.43
ED59N -68.48 -66.72 1.76
ED59P -68.48 -66.07 2.41
ED59Q -68.48 -67.71 0.77
ED59R -68.48 -66.05 2.43
ED59S -68.48 -66.74 1.74
ED59T -68.48 -66.56 1.92
ED59V -68.48 -66.07 2.41
ED59W -68.48 -66.06 2.42
ED59Y -68.48 -66.08 2.40
ED70A -68.48 -66.96 1.52
ED70C -68.48 -66.97 1.51
ED70D -68.48 -67.91 0.57
ED70F -68.48 -67.13 1.35
ED70G -68.48 -66.99 1.49
ED70H -68.48 -67.04 1.44
ED70I -68.48 -66.95 1.53
ED70K -68.48 -66.95 1.53
ED70L -68.48 -66.96 1.52
ED70M -68.48 -67.45 1.03
ED70N -68.48 -68.64 -0.16
ED70P -68.48 -66.94 1.54
ED70Q -68.48 -68.58 -0.10
ED70R -68.48 -66.94 1.54
ED70S -68.48 -67.69 0.79
ED70T -68.48 -68.31 0.17
ED70V -68.48 -66.98 1.50
ED70W -68.48 -67.41 1.07
ED70Y -68.48 -67.14 1.34
ED83A -68.48 -65.67 2.81
ED83C -68.48 -66.03 2.45
ED83D -68.48 -66.94 1.54
ED83F -68.48 -67.66 0.82
ED83G -68.48 -65.54 2.94
ED83H -68.48 -66.84 1.64
ED83I -68.48 -67.04 1.44
ED83K -68.48 -67.06 1.42
ED83L -68.48 -66.71 1.77
ED83M -68.48 -67.02 1.46
ED83N -68.48 -68.68 -0.20
ED83P -68.48 -65.68 2.80
ED83Q -68.48 -66.89 1.59
ED83R -68.48 -67.30 1.18
ED83S -68.48 -65.61 2.87
ED83T -68.48 -66.01 2.47
ED83V -68.48 -66.31 2.17
ED83W -68.48 -65.82 2.66
ED83Y -68.48 -65.60 2.88
ED85A -68.48 -68.50 -0.02
ED85C -68.48 -68.63 -0.15
ED85D -68.48 -68.33 0.15
ED85F -68.48 -69.65 -1.17
ED85G -68.48 -68.43 0.05
ED85H -68.48 -69.55 -1.07
ED85I -68.48 -68.95 -0.47
ED85K -68.48 -68.77 -0.29
ED85L -68.48 -68.89 -0.41
ED85M -68.48 -69.49 -1.01
ED85N -68.48 -68.42 0.06
ED85P -68.48 -68.84 -0.36
ED85Q -68.48 -69.61 -1.13
ED85R -68.48 -68.48 0.00
ED85S -68.48 -68.45 0.03
ED85T -68.48 -68.68 -0.20
ED85V -68.48 -68.71 -0.23
ED85W -68.48 -69.51 -1.03
ED85Y -68.48 -68.50 -0.02
GD82A -68.48 -68.45 0.03
GD82C -68.48 -68.45 0.03
GD82D -68.48 -68.45 0.03
GD82E -68.48 -68.45 0.03
GD82F -68.48 -68.45 0.03
GD82H -68.48 -68.45 0.03
GD82I -68.48 -68.45 0.03
GD82K -68.48 -68.45 0.03
GD82L -68.48 -68.45 0.03
GD82M -68.48 -68.43 0.05
GD82N -68.48 -68.47 0.01
GD82P -68.48 -68.46 0.02
GD82Q -68.48 -68.44 0.04
GD82R -68.48 -68.42 0.06
GD82S -68.48 -68.43 0.05
GD82T -68.48 -68.43 0.05
GD82V -68.48 -68.45 0.03
GD82W -68.48 -68.41 0.07
GD82Y -68.48 -68.45 0.03
HD61A -68.48 -68.65 -0.17
HD61C -68.48 -68.66 -0.18
HD61D -68.48 -68.50 -0.02
HD61E -68.48 -69.27 -0.79
HD61F -68.48 -68.53 -0.05
HD61G -68.48 -68.65 -0.17
HD61I -68.48 -68.59 -0.11
HD61K -68.48 -68.67 -0.19
HD61L -68.48 -68.65 -0.17
HD61M -68.48 -68.65 -0.17
HD61N -68.48 -68.64 -0.16
HD61P -68.48 -68.65 -0.17
HD61Q -68.48 -69.33 -0.85
HD61R -68.48 -68.64 -0.16
HD61S -68.48 -68.67 -0.19
HD61T -68.48 -68.63 -0.15
HD61V -68.48 -68.60 -0.12
HD61W -68.48 -68.45 0.03
HD61Y -68.48 -68.55 -0.07
ID90A -68.48 -68.21 0.27
ID90C -68.48 -68.22 0.26
ID90D -68.48 -68.16 0.32
ID90E -68.48 -68.22 0.26
ID90F -68.48 -68.29 0.19
ID90G -68.48 -68.13 0.35
ID90H -68.48 -68.24 0.24
ID90K -68.48 -68.93 -0.45
ID90L -68.48 -68.71 -0.23
ID90M -68.48 -68.25 0.23
ID90N -68.48 -68.20 0.28
ID90P -68.48 -68.25 0.23
ID90Q -68.48 -68.18 0.30
ID90R -68.48 -68.05 0.43
ID90S -68.48 -68.17 0.31
ID90T -68.48 -68.38 0.10
ID90V -68.48 -68.46 0.02
ID90W -68.48 -68.54 -0.06
ID90Y -68.48 -68.33 0.15
LD71A -68.48 -67.76 0.72
LD71C -68.48 -68.04 0.44
LD71D -68.48 -67.67 0.81
LD71E -68.48 -67.85 0.63
LD71F -68.48 -69.43 -0.95
LD71G -68.48 -67.45 1.03
LD71H -68.48 -68.33 0.15
LD71I -68.48 -68.78 -0.30
LD71K -68.48 -70.89 -2.41
LD71M -68.48 -69.42 -0.94
LD71N -68.48 -67.43 1.05
LD71P -68.48 -67.79 0.69
LD71Q -68.48 -70.49 -2.01
LD71R -68.48 -73.42 -4.94
LD71S -68.48 -67.64 0.84
LD71T -68.48 -68.17 0.31
LD71V -68.48 -68.38 0.10
LD71W -68.48 -69.53 -1.05
LD71Y -68.48 -68.94 -0.46
LD81A -68.48 -68.38 0.10
LD81C -68.48 -68.40 0.08
LD81D -68.48 -69.05 -0.57
LD81E -68.48 -69.57 -1.09
LD81F -68.48 -68.58 -0.10
LD81G -68.48 -68.45 0.03
LD81H -68.48 -68.93 -0.45
LD81I -68.48 -68.50 -0.02
LD81K -68.48 -68.18 0.30
LD81M -68.48 -68.89 -0.41
LD81N -68.48 -69.68 -1.20
LD81P -68.48 -68.41 0.07
LD81Q -68.48 -69.24 -0.76
LD81R -68.48 -68.19 0.29
LD81S -68.48 -68.31 0.17
LD81T -68.48 -68.30 0.18
LD81V -68.48 -68.31 0.17
LD81W -68.48 -68.74 -0.26
LD81Y -68.48 -68.50 -0.02
PD57A -68.48 -68.47 0.01
PD57C -68.48 -68.48 0.00
PD57D -68.48 -67.95 0.53
PD57E -68.48 -68.48 0.00
PD57F -68.48 -68.47 0.01
PD57G -68.48 -68.52 -0.04
PD57H -68.48 -68.45 0.03
PD57I -68.48 -68.52 -0.04
PD57K -68.48 -68.48 0.00
PD57L -68.48 -68.44 0.04
PD57M -68.48 -68.48 0.00
PD57N -68.48 -67.66 0.82
PD57Q -68.48 -68.48 0.00
PD57R -68.48 -68.47 0.01
PD57S -68.48 -68.40 0.08
PD57T -68.48 -68.39 0.09
PD57V -68.48 -68.41 0.07
PD57W -68.48 -67.81 0.67
PD57Y -68.48 -68.48 0.00
PD80A -68.48 -68.33 0.15
PD80C -68.48 -68.65 -0.17
PD80D -68.48 -68.18 0.30
PD80E -68.48 -67.87 0.61
PD80F -68.48 -68.71 -0.23
PD80G -68.48 -68.27 0.21
PD80H -68.48 -68.62 -0.14
PD80I -68.48 -69.04 -0.56
PD80K -68.48 -66.57 1.91
PD80L -68.48 -69.28 -0.80
PD80M -68.48 -69.34 -0.86
PD80N -68.48 -69.30 -0.82
PD80Q -68.48 -68.75 -0.27
PD80R -68.48 -65.99 2.49
PD80S -68.48 -68.24 0.24
PD80T -68.48 -68.65 -0.17
PD80V -68.48 -68.73 -0.25
PD80W -68.48 -63.47 5.01
PD80Y -68.48 -68.78 -0.30
QD50A -68.48 -68.53 -0.05
QD50C -68.48 -68.53 -0.05
QD50D -68.48 -68.53 -0.05
QD50E -68.48 -68.54 -0.06
QD50F -68.48 -68.53 -0.05
QD50G -68.48 -68.52 -0.04
QD50H -68.48 -68.53 -0.05
QD50I -68.48 -68.57 -0.09
QD50K -68.48 -68.75 -0.27
QD50L -68.48 -68.53 -0.05
QD50M -68.48 -68.52 -0.04
QD50N -68.48 -68.49 -0.01
QD50P -68.48 -68.53 -0.05
QD50R -68.48 -69.52 -1.04
QD50S -68.48 -68.53 -0.05
QD50T -68.48 -68.56 -0.08
QD50V -68.48 -68.55 -0.07
QD50W -68.48 -68.50 -0.02
QD50Y -68.48 -68.51 -0.03
QD76A -68.48 -68.62 -0.14
QD76C -68.48 -68.61 -0.13
QD76D -68.48 -68.26 0.22
QD76E -68.48 -68.31 0.17
QD76F -68.48 -69.01 -0.53
QD76G -68.48 -68.40 0.08
QD76H -68.48 -68.82 -0.34
QD76I -68.48 -69.38 -0.90
QD76K -68.48 -68.34 0.14
QD76L -68.48 -69.45 -0.97
QD76M -68.48 -69.84 -1.36
QD76N -68.48 -68.49 -0.01
QD76P -68.48 -62.57 5.91
QD76R -68.48 -68.10 0.38
QD76S -68.48 -68.50 -0.02
QD76T -68.48 -68.82 -0.34
QD76V -68.48 -68.84 -0.36
QD76W -68.48 -69.15 -0.67
QD76Y -68.48 -68.65 -0.17
QD78A -68.48 -67.31 1.17
QD78C -68.48 -67.28 1.20
QD78D -68.48 -67.63 0.85
QD78E -68.48 -68.36 0.12
QD78F -68.48 -68.81 -0.33
QD78G -68.48 -67.08 1.40
QD78H -68.48 -67.48 1.00
QD78I -68.48 -68.00 0.48
QD78K -68.48 -67.27 1.21
QD78L -68.48 -67.90 0.58
QD78M -68.48 -68.65 -0.17
QD78N -68.48 -67.98 0.50
QD78P -68.48 -61.72 6.76
QD78R -68.48 -67.18 1.30
QD78S -68.48 -67.09 1.39
QD78T -68.48 -67.25 1.23
QD78V -68.48 -67.60 0.88
QD78W -68.48 -66.52 1.96
QD78Y -68.48 -67.88 0.60
QD94A -68.48 -67.61 0.87
QD94C -68.48 -67.60 0.88
QD94D -68.48 -67.55 0.93
QD94E -68.48 -67.44 1.04
QD94F -68.48 -67.84 0.64
QD94G -68.48 -67.61 0.87
QD94H -68.48 -68.44 0.04
QD94I -68.48 -67.58 0.90
QD94K -68.48 -68.53 -0.05
QD94L -68.48 -67.72 0.76
QD94M -68.48 -67.83 0.65
QD94N -68.48 -67.57 0.91
QD94P -68.48 -67.58 0.90
QD94R -68.48 -68.77 -0.29
QD94S -68.48 -67.54 0.94
QD94T -68.48 -67.59 0.89
QD94V -68.48 -67.58 0.90
QD94W -68.48 -68.03 0.45
QD94Y -68.48 -67.77 0.71
RD48A -68.48 -64.04 4.44
RD48C -68.48 -64.11 4.37
RD48D -68.48 -63.97 4.51
RD48E -68.48 -64.32 4.16
RD48F -68.48 -64.01 4.47
RD48G -68.48 -64.04 4.44
RD48H -68.48 -63.98 4.50
RD48I -68.48 -64.31 4.17
RD48K -68.48 -65.95 2.53
RD48L -68.48 -64.13 4.35
RD48M -68.48 -64.55 3.93
RD48N -68.48 -64.65 3.83
RD48P -68.48 -64.03 4.45
RD48Q -68.48 -64.50 3.98
RD48S -68.48 -64.02 4.46
RD48T -68.48 -64.08 4.40
RD48V -68.48 -64.12 4.36
RD48W -68.48 -64.03 4.45
RD48Y -68.48 -64.02 4.46
RD96A -68.48 -68.75 -0.27
RD96C -68.48 -68.73 -0.25
RD96D -68.48 -69.60 -1.12
RD96E -68.48 -69.34 -0.86
RD96F -68.48 -68.75 -0.27
RD96G -68.48 -68.79 -0.31
RD96H -68.48 -68.74 -0.26
RD96I -68.48 -68.61 -0.13
RD96K -68.48 -68.64 -0.16
RD96L -68.48 -68.72 -0.24
RD96M -68.48 -68.79 -0.31
RD96N -68.48 -69.62 -1.14
RD96P -68.48 -68.69 -0.21
RD96Q -68.48 -69.18 -0.70
RD96S -68.48 -69.36 -0.88
RD96T -68.48 -69.30 -0.82
RD96V -68.48 -68.69 -0.21
RD96W -68.48 -68.77 -0.29
RD96Y -68.48 -68.76 -0.28
SD74A -68.48 -68.54 -0.06
SD74C -68.48 -68.56 -0.08
SD74D -68.48 -68.32 0.16
SD74E -68.48 -68.58 -0.10
SD74F -68.48 -68.71 -0.23
SD74G -68.48 -68.44 0.04
SD74H -68.48 -68.55 -0.07
SD74I -68.48 -68.94 -0.46
SD74K -68.48 -68.54 -0.06
SD74L -68.48 -68.77 -0.29
SD74M -68.48 -69.12 -0.64
SD74N -68.48 -68.32 0.16
SD74P -68.48 -64.79 3.69
SD74Q -68.48 -68.57 -0.09
SD74R -68.48 -68.50 -0.02
SD74T -68.48 -68.70 -0.22
SD74V -68.48 -68.75 -0.27
SD74W -68.48 -68.55 -0.07
SD74Y -68.48 -69.03 -0.55
TD75A -68.48 -67.38 1.10
TD75C -68.48 -67.59 0.89
TD75D -68.48 -67.56 0.92
TD75E -68.48 -68.58 -0.10
TD75F -68.48 -69.58 -1.10
TD75G -68.48 -67.36 1.12
TD75H -68.48 -71.07 -2.59
TD75I -68.48 -67.64 0.84
TD75K -68.48 -68.76 -0.28
TD75L -68.48 -68.04 0.44
TD75M -68.48 -68.58 -0.10
TD75N -68.48 -68.10 0.38
TD75P -68.48 -67.30 1.18
TD75Q -68.48 -69.34 -0.86
TD75R -68.48 -71.53 -3.05
TD75S -68.48 -68.55 -0.07
TD75V -68.48 -67.00 1.48
TD75W -68.48 -69.46 -0.98
TD75Y -68.48 -67.59 0.89
TD77A -68.48 -67.90 0.58
TD77C -68.48 -68.42 0.06
TD77D -68.48 -67.40 1.08
TD77E -68.48 -68.09 0.39
TD77F -68.48 -69.16 -0.68
TD77G -68.48 -67.57 0.91
TD77H -68.48 -68.53 -0.05
TD77I -68.48 -69.89 -1.41
TD77K -68.48 -68.02 0.46
TD77L -68.48 -70.44 -1.96
TD77M -68.48 -69.83 -1.35
TD77N -68.48 -67.46 1.02
TD77P -68.48 -68.09 0.39
TD77Q -68.48 -67.94 0.54
TD77R -68.48 -68.41 0.07
TD77S -68.48 -67.70 0.78
TD77V -68.48 -69.09 -0.61
TD77W -68.48 -70.23 -1.75
TD77Y -68.48 -70.03 -1.55
VD60A -68.48 -68.33 0.15
VD60C -68.48 -68.33 0.15
VD60D -68.48 -68.33 0.15
VD60E -68.48 -68.33 0.15
VD60F -68.48 -68.33 0.15
VD60G -68.48 -68.33 0.15
VD60H -68.48 -68.48 0.00
VD60I -68.48 -68.33 0.15
VD60K -68.48 -68.33 0.15
VD60L -68.48 -68.33 0.15
VD60M -68.48 -68.33 0.15
VD60N -68.48 -68.33 0.15
VD60P -68.48 -68.52 -0.04
VD60Q -68.48 -68.33 0.15
VD60R -68.48 -68.33 0.15
VD60S -68.48 -68.33 0.15
VD60T -68.48 -68.48 0.00
VD60W -68.48 -68.33 0.15
VD60Y -68.48 -68.49 -0.01
VD79A -68.48 -67.64 0.84
VD79C -68.48 -67.88 0.60
VD79D -68.48 -68.39 0.09
VD79E -68.48 -68.47 0.01
VD79F -68.48 -70.99 -2.51
VD79G -68.48 -67.08 1.40
VD79H -68.48 -68.16 0.32
VD79I -68.48 -69.47 -0.99
VD79K -68.48 -69.21 -0.73
VD79L -68.48 -69.71 -1.23
VD79M -68.48 -70.09 -1.61
VD79N -68.48 -67.68 0.80
VD79P -68.48 -67.89 0.59
VD79Q -68.48 -67.63 0.85
VD79R -68.48 -69.78 -1.30
VD79S -68.48 -67.13 1.35
VD79T -68.48 -67.89 0.59
VD79W -68.48 -69.85 -1.37
VD79Y -68.48 -69.56 -1.08
VD92A -68.48 -68.14 0.34
VD92C -68.48 -68.19 0.29
VD92D -68.48 -67.94 0.54
VD92E -68.48 -67.99 0.49
VD92F -68.48 -68.95 -0.47
VD92G -68.48 -67.93 0.55
VD92H -68.48 -69.04 -0.56
VD92I -68.48 -68.63 -0.15
VD92K -68.48 -70.02 -1.54
VD92L -68.48 -68.45 0.03
VD92M -68.48 -68.57 -0.09
VD92N -68.48 -67.89 0.59
VD92P -68.48 -68.23 0.25
VD92Q -68.48 -68.29 0.19
VD92R -68.48 -68.40 0.08
VD92S -68.48 -67.99 0.49
VD92T -68.48 -68.20 0.28
VD92W -68.48 -68.88 -0.40
VD92Y -68.48 -68.91 -0.43
WD89A -68.48 -67.88 0.60
WD89C -68.48 -67.88 0.60
WD89D -68.48 -67.88 0.60
WD89E -68.48 -67.85 0.63
WD89F -68.48 -67.94 0.54
WD89G -68.48 -67.88 0.60
WD89H -68.48 -67.83 0.65
WD89I -68.48 -67.85 0.63
WD89K -68.48 -67.84 0.64
WD89L -68.48 -67.84 0.64
WD89M -68.48 -68.04 0.44
WD89N -68.48 -67.85 0.63
WD89P -68.48 -67.88 0.60
WD89Q -68.48 -67.78 0.70
WD89R -68.48 -67.81 0.67
WD89S -68.48 -67.88 0.60
WD89T -68.48 -67.88 0.60
WD89V -68.48 -67.88 0.60
WD89Y -68.48 -67.79 0.69
