Positions Mutations EvoEF_WT_Scores Stability_WT_Scores EvoEF_Mutant_Scores Stability_Mutant_Scores DDG_EvoEF_Scores DDG_Stability_Scores
R48 C -31.01 94.2 -28.12 93.95 2.89 -0.25
R48 I -31.01 94.2 -28.32 93.22 2.69 -0.98
R48 K -31.01 94.2 -28.14 93.26 2.87 -0.94
R48 L -31.01 94.2 -28.04 93.99 2.97 -0.21
R48 P -31.01 94.2 -28.13 93.7 2.88 -0.5
R48 S -31.01 94.2 -28.03 94.09 2.98 -0.11
E56 V -31.01 94.2 -27.99 93.57 3.02 -0.63
E56 W -31.01 94.2 -28.19 93.99 2.82 -0.21
E56 A -31.01 94.2 -27.98 92.72 3.03 -1.48
E56 C -31.01 94.2 -27.89 93.83 3.12 -0.37
E56 D -31.01 94.2 -27.91 92.74 3.1 -1.46
E56 E -31.01 94.2 -27.93 93.47 3.08 -0.73
E56 F -31.01 94.2 -28.02 93.85 2.99 -0.35
E56 G -31.01 94.2 -27.84 93.17 3.17 -1.03
E56 I -31.01 94.2 -27.97 93.86 3.04 -0.34
E56 K -31.01 94.2 -27.98 93.21 3.03 -0.99
E56 L -31.01 94.2 -28.02 93.9 2.99 -0.3
E56 M -31.01 94.2 -27.97 93.29 3.04 -0.91
P80 R -31.01 94.2 -27.96 94.18 3.05 -0.02
E83 W -31.01 94.2 -28.19 94.06 2.82 -0.14
