Positions Mutations EvoEF_WT_Scores EvoEF_Mutant_Scores DDG_EvoEF_Scores DDG_Stability_Scores PSSM_wt PSSM_mut PSSM_diff
R48 A -31.01 -28.05 2.96 0.48 2 -1 -3
R48 C -31.01 -28.12 2.89 -0.25 2 -3 -5
R48 D -31.01 -27.99 3.02 0.62 2 1 -1
R48 E -31.01 -28.31 2.7 0.23 2 1 -1
R48 F -31.01 -28.02 2.99 0.78 2 -4 -6
R48 G -31.01 -28.05 2.96 1.25 2 -1 -3
R48 H -31.01 -27.97 3.04 0.76 2 2 0
R48 I -31.01 -28.32 2.69 -0.98 2 -4 -6
R48 L -31.01 -28.14 2.87 -0.94 2 -4 -6
R48 P -31.01 -28.04 2.97 -0.21 2 -1 -3
R48 S -31.01 -28.03 2.98 0.53 2 2 0
R48 T -31.01 -28.09 2.92 0.23 2 1 -1
R48 V -31.01 -28.13 2.88 -0.5 2 -3 -5
R48 W -31.01 -28.03 2.98 0.89 2 -4 -6
R48 Y -31.01 -28.03 2.98 -0.11 2 -3 -5
E56 A -31.01 -28.01 3.0 0.14 3 -2 -5
E56 C -31.01 -27.99 3.02 -0.63 3 -4 -7
E56 F -31.01 -28.19 2.82 -0.21 3 -2 -5
E56 G -31.01 -28.04 2.97 0.98 3 0 -3
E56 I -31.01 -27.98 3.03 -1.48 3 -3 -6
E56 K -31.01 -27.89 3.12 -0.37 3 2 -1
E56 L -31.01 -27.91 3.1 -1.46 3 -4 -7
E56 M -31.01 -27.93 3.08 -0.73 3 -3 -6
E56 R -31.01 -27.84 3.17 -1.03 3 -1 -4
E56 S -31.01 -28.02 2.99 0.17 3 -2 -5
E56 T -31.01 -27.97 3.04 -0.34 3 -2 -5
E56 V -31.01 -27.98 3.03 -0.99 3 0 -3
E56 W -31.01 -28.02 2.99 -0.3 3 -5 -8
E56 Y -31.01 -27.97 3.04 -0.91 3 -3 -6
D73 F -31.01 -28.28 2.73 0.85 6 -3 -9
D73 W -31.01 -27.79 3.22 1.39 6 -3 -9
P80 R -31.01 -27.96 3.05 -0.02 4 2 -2
P80 W -31.01 -26.07 4.94 0.91 4 -2 -6
E83 A -31.01 -28.19 2.82 0.23 2 -1 -3
E83 G -31.01 -28.05 2.96 0.98 2 1 -1
E83 P -31.01 -28.19 2.82 -0.14 2 -1 -3
E83 S -31.01 -28.1 2.91 0.2 2 -1 -3
E83 W -31.01 -28.34 2.67 1.01 2 -2 -4
E83 Y -31.01 -28.12 2.89 0.27 2 -1 -3
