Mutation_ID EvoEF_WT_Scores Stability_WT_Scores EvoEF_Mutant_Scores Stability_Mutant_Scores DDG_EvoEF_Scores DDG_Stability_Scores
PD80W -31.01 94.2 -26.07 95.11 4.94 0.91
DD73W -31.01 94.2 -27.79 95.59 3.22 1.39
ED56R -31.01 94.2 -27.84 93.17 3.17 -1.03
ED56K -31.01 94.2 -27.89 93.83 3.12 -0.37
ED56L -31.01 94.2 -27.91 92.74 3.1 -1.46
ED56M -31.01 94.2 -27.93 93.47 3.08 -0.73
PD80R -31.01 94.2 -27.96 94.18 3.05 -0.02
ED56T -31.01 94.2 -27.97 93.86 3.04 -0.34
RD48H -31.01 94.2 -27.97 94.96 3.04 0.76
ED56Y -31.01 94.2 -27.97 93.29 3.04 -0.91
ED56V -31.01 94.2 -27.98 93.21 3.03 -0.99
ED56I -31.01 94.2 -27.98 92.72 3.03 -1.48
RD48D -31.01 94.2 -27.99 94.82 3.02 0.62
ED56C -31.01 94.2 -27.99 93.57 3.02 -0.63
ED56A -31.01 94.2 -28.01 94.34 3.0 0.14
ED56S -31.01 94.2 -28.02 94.37 2.99 0.17
RD48F -31.01 94.2 -28.02 94.98 2.99 0.78
ED56W -31.01 94.2 -28.02 93.9 2.99 -0.3
ED56P -31.01 94.2 -28.02 93.85 2.99 -0.35
RD48S -31.01 94.2 -28.03 94.73 2.98 0.53
RD48W -31.01 94.2 -28.03 95.09 2.98 0.89
RD48Y -31.01 94.2 -28.03 94.09 2.98 -0.11
ED56G -31.01 94.2 -28.04 95.18 2.97 0.98
RD48P -31.01 94.2 -28.04 93.99 2.97 -0.21
ED83G -31.01 94.2 -28.05 95.18 2.96 0.98
RD48A -31.01 94.2 -28.05 94.68 2.96 0.48
RD48G -31.01 94.2 -28.05 95.45 2.96 1.25
RD48T -31.01 94.2 -28.09 94.43 2.92 0.23
ED83S -31.01 94.2 -28.1 94.4 2.91 0.2
RD48C -31.01 94.2 -28.12 93.95 2.89 -0.25
ED83Y -31.01 94.2 -28.12 94.47 2.89 0.27
RD48V -31.01 94.2 -28.13 93.7 2.88 -0.5
RD48L -31.01 94.2 -28.14 93.26 2.87 -0.94
ED83P -31.01 94.2 -28.19 94.06 2.82 -0.14
ED83A -31.01 94.2 -28.19 94.43 2.82 0.23
ED56F -31.01 94.2 -28.19 93.99 2.82 -0.21
DD73F -31.01 94.2 -28.28 95.05 2.73 0.85
RD48E -31.01 94.2 -28.31 94.43 2.7 0.23
RD48I -31.01 94.2 -28.32 93.22 2.69 -0.98
ED83W -31.01 94.2 -28.34 95.21 2.67 1.01
