Mutation_ID EvoEF_WT_Scores EvoEF_Mutant_Scores DDG_EvoEF_Scores PSSM_wt PSSM_mut PSSM_diff
PD80W -31.01 -26.07 4.94 4 -2 -6
DD73W -31.01 -27.79 3.22 6 -3 -9
ED56R -31.01 -27.84 3.17 3 -1 -4
ED56K -31.01 -27.89 3.12 3 2 -1
ED56L -31.01 -27.91 3.1 3 -4 -7
ED56M -31.01 -27.93 3.08 3 -3 -6
PD80R -31.01 -27.96 3.05 4 2 -2
ED56T -31.01 -27.97 3.04 3 -2 -5
RD48H -31.01 -27.97 3.04 2 2 0
ED56Y -31.01 -27.97 3.04 3 -3 -6
ED56V -31.01 -27.98 3.03 3 0 -3
ED56I -31.01 -27.98 3.03 3 -3 -6
RD48D -31.01 -27.99 3.02 2 1 -1
ED56C -31.01 -27.99 3.02 3 -4 -7
ED56A -31.01 -28.01 3.0 3 -2 -5
ED56S -31.01 -28.02 2.99 3 -2 -5
RD48F -31.01 -28.02 2.99 2 -4 -6
ED56W -31.01 -28.02 2.99 3 -5 -8
RD48S -31.01 -28.03 2.98 2 2 0
RD48W -31.01 -28.03 2.98 2 -4 -6
RD48Y -31.01 -28.03 2.98 2 -3 -5
ED56G -31.01 -28.04 2.97 3 0 -3
RD48P -31.01 -28.04 2.97 2 -1 -3
ED83G -31.01 -28.05 2.96 2 1 -1
RD48A -31.01 -28.05 2.96 2 -1 -3
RD48G -31.01 -28.05 2.96 2 -1 -3
RD48T -31.01 -28.09 2.92 2 1 -1
ED83S -31.01 -28.1 2.91 2 -1 -3
RD48C -31.01 -28.12 2.89 2 -3 -5
ED83Y -31.01 -28.12 2.89 2 -1 -3
RD48V -31.01 -28.13 2.88 2 -3 -5
RD48L -31.01 -28.14 2.87 2 -4 -6
ED83P -31.01 -28.19 2.82 2 -1 -3
ED83A -31.01 -28.19 2.82 2 -1 -3
ED56F -31.01 -28.19 2.82 3 -2 -5
DD73F -31.01 -28.28 2.73 6 -3 -9
RD48E -31.01 -28.31 2.7 2 1 -1
RD48I -31.01 -28.32 2.69 2 -4 -6
ED83W -31.01 -28.34 2.67 2 -2 -4
