Mutation_ID PROTON_WT_Scores PROTON_Mutant_Scores DDG_PROTON_Scores
PD80W -31.01 -26.07 4.94
DD73W -31.01 -27.79 3.22
ED56R -31.01 -27.84 3.17
ED56K -31.01 -27.89 3.12
ED56L -31.01 -27.91 3.1
ED56M -31.01 -27.93 3.08
PD80R -31.01 -27.96 3.05
ED56T -31.01 -27.97 3.04
RD48H -31.01 -27.97 3.04
ED56Y -31.01 -27.97 3.04
ED56V -31.01 -27.98 3.03
ED56I -31.01 -27.98 3.03
RD48D -31.01 -27.99 3.02
ED56C -31.01 -27.99 3.02
ED56A -31.01 -28.01 3.0
ED56S -31.01 -28.02 2.99
RD48F -31.01 -28.02 2.99
ED56W -31.01 -28.02 2.99
ED56P -31.01 -28.02 2.99
RD48S -31.01 -28.03 2.98
RD48W -31.01 -28.03 2.98
RD48Y -31.01 -28.03 2.98
ED56G -31.01 -28.04 2.97
RD48P -31.01 -28.04 2.97
ED83G -31.01 -28.05 2.96
RD48A -31.01 -28.05 2.96
RD48G -31.01 -28.05 2.96
RD48T -31.01 -28.09 2.92
ED83S -31.01 -28.1 2.91
RD48C -31.01 -28.12 2.89
ED83Y -31.01 -28.12 2.89
RD48V -31.01 -28.13 2.88
RD48L -31.01 -28.14 2.87
ED83P -31.01 -28.19 2.82
ED83A -31.01 -28.19 2.82
ED56F -31.01 -28.19 2.82
DD73F -31.01 -28.28 2.73
RD48E -31.01 -28.31 2.7
RD48I -31.01 -28.32 2.69
ED83W -31.01 -28.34 2.67
