Mutation_ID PROTON_WT_Scores PROTON_Mutant_Scores DDG_PROTON_Scores
AD72C -31.01 -31.02 -0.01
AD72D -31.01 -30.81 0.20
AD72E -31.01 -30.96 0.05
AD72F -31.01 -31.21 -0.20
AD72G -31.01 -31.00 0.01
AD72H -31.01 -30.95 0.06
AD72I -31.01 -31.02 -0.01
AD72K -31.01 -30.94 0.07
AD72L -31.01 -31.00 0.01
AD72M -31.01 -31.04 -0.03
AD72N -31.01 -30.93 0.08
AD72P -31.01 -31.35 -0.34
AD72Q -31.01 -30.99 0.02
AD72R -31.01 -30.97 0.04
AD72S -31.01 -30.98 0.03
AD72T -31.01 -31.02 -0.01
AD72V -31.01 -31.01 0.00
AD72W -31.01 -31.00 0.01
AD72Y -31.01 -31.35 -0.34
DD73A -31.01 -29.13 1.88
DD73C -31.01 -29.60 1.41
DD73E -31.01 -29.59 1.42
DD73F -31.01 -28.28 2.73
DD73G -31.01 -28.87 2.14
DD73H -31.01 -28.51 2.50
DD73I -31.01 -30.34 0.67
DD73K -31.01 -30.53 0.48
DD73L -31.01 -30.23 0.78
DD73M -31.01 -31.08 -0.07
DD73N -31.01 -29.21 1.80
DD73P -31.01 -29.84 1.17
DD73Q -31.01 -29.95 1.06
DD73R -31.01 -30.16 0.85
DD73S -31.01 -30.62 0.39
DD73T -31.01 -30.54 0.47
DD73V -31.01 -30.04 0.97
DD73W -31.01 -27.79 3.22
DD73Y -31.01 -29.35 1.66
DD84A -31.01 -31.16 -0.15
DD84C -31.01 -31.15 -0.14
DD84E -31.01 -31.75 -0.74
DD84F -31.01 -31.26 -0.25
DD84G -31.01 -31.17 -0.16
DD84H -31.01 -32.18 -1.17
DD84I -31.01 -31.17 -0.16
DD84K -31.01 -31.89 -0.88
DD84L -31.01 -31.15 -0.14
DD84M -31.01 -31.15 -0.14
DD84N -31.01 -31.50 -0.49
DD84P -31.01 -31.31 -0.30
DD84Q -31.01 -32.68 -1.67
DD84R -31.01 -32.50 -1.49
DD84S -31.01 -31.10 -0.09
DD84T -31.01 -31.09 -0.08
DD84V -31.01 -31.18 -0.17
DD84W -31.01 -31.15 -0.14
DD84Y -31.01 -31.71 -0.70
ED56A -31.01 -28.01 3.00
ED56C -31.01 -27.99 3.02
ED56D -31.01 -29.02 1.99
ED56F -31.01 -28.19 2.82
ED56G -31.01 -28.04 2.97
ED56H -31.01 -28.67 2.34
ED56I -31.01 -27.98 3.03
ED56K -31.01 -27.89 3.12
ED56L -31.01 -27.91 3.10
ED56M -31.01 -27.93 3.08
ED56N -31.01 -29.06 1.95
ED56P -31.01 -28.02 2.99
ED56Q -31.01 -29.98 1.03
ED56R -31.01 -27.84 3.17
ED56S -31.01 -28.02 2.99
ED56T -31.01 -27.97 3.04
ED56V -31.01 -27.98 3.03
ED56W -31.01 -28.02 2.99
ED56Y -31.01 -27.97 3.04
ED59A -31.01 -28.54 2.47
ED59C -31.01 -28.52 2.49
ED59D -31.01 -29.75 1.26
ED59F -31.01 -28.63 2.38
ED59G -31.01 -28.55 2.46
ED59H -31.01 -28.52 2.49
ED59I -31.01 -28.50 2.51
ED59K -31.01 -28.51 2.50
ED59L -31.01 -28.50 2.51
ED59M -31.01 -28.49 2.52
ED59N -31.01 -29.28 1.73
ED59P -31.01 -28.51 2.50
ED59Q -31.01 -30.11 0.90
ED59R -31.01 -28.51 2.50
ED59S -31.01 -29.20 1.81
ED59T -31.01 -29.02 1.99
ED59V -31.01 -28.51 2.50
ED59W -31.01 -28.50 2.51
ED59Y -31.01 -28.52 2.49
ED70A -31.01 -29.47 1.54
ED70C -31.01 -29.48 1.53
ED70D -31.01 -30.47 0.54
ED70F -31.01 -29.64 1.37
ED70G -31.01 -29.50 1.51
ED70H -31.01 -29.47 1.54
ED70I -31.01 -29.43 1.58
ED70K -31.01 -29.46 1.55
ED70L -31.01 -29.45 1.56
ED70M -31.01 -29.94 1.07
ED70N -31.01 -31.10 -0.09
ED70P -31.01 -29.45 1.56
ED70Q -31.01 -31.18 -0.17
ED70R -31.01 -29.42 1.59
ED70S -31.01 -30.19 0.82
ED70T -31.01 -30.79 0.22
ED70V -31.01 -29.47 1.54
ED70W -31.01 -29.89 1.12
ED70Y -31.01 -29.63 1.38
ED83A -31.01 -28.19 2.82
ED83C -31.01 -28.57 2.44
ED83D -31.01 -29.43 1.58
ED83F -31.01 -30.17 0.84
ED83G -31.01 -28.05 2.96
ED83H -31.01 -29.33 1.68
ED83I -31.01 -29.55 1.46
ED83K -31.01 -29.67 1.34
ED83L -31.01 -29.23 1.78
ED83M -31.01 -29.53 1.48
ED83N -31.01 -29.34 1.67
ED83P -31.01 -28.19 2.82
ED83Q -31.01 -29.52 1.49
ED83R -31.01 -29.79 1.22
ED83S -31.01 -28.10 2.91
ED83T -31.01 -28.55 2.46
ED83V -31.01 -28.83 2.18
ED83W -31.01 -28.34 2.67
ED83Y -31.01 -28.12 2.89
ED85A -31.01 -31.04 -0.03
ED85C -31.01 -31.16 -0.15
ED85D -31.01 -30.79 0.22
ED85F -31.01 -32.19 -1.18
ED85G -31.01 -30.96 0.05
ED85H -31.01 -32.08 -1.07
ED85I -31.01 -31.49 -0.48
ED85K -31.01 -31.34 -0.33
ED85L -31.01 -31.43 -0.42
ED85M -31.01 -32.03 -1.02
ED85N -31.01 -30.96 0.05
ED85P -31.01 -31.39 -0.38
ED85Q -31.01 -32.20 -1.19
ED85R -31.01 -30.97 0.04
ED85S -31.01 -30.98 0.03
ED85T -31.01 -31.21 -0.20
ED85V -31.01 -31.25 -0.24
ED85W -31.01 -32.08 -1.07
ED85Y -31.01 -31.00 0.01
GD82A -31.01 -30.97 0.04
GD82C -31.01 -30.98 0.03
GD82D -31.01 -30.98 0.03
GD82E -31.01 -30.98 0.03
GD82F -31.01 -30.98 0.03
GD82H -31.01 -30.98 0.03
GD82I -31.01 -30.98 0.03
GD82K -31.01 -30.98 0.03
GD82L -31.01 -30.98 0.03
GD82M -31.01 -30.95 0.06
GD82N -31.01 -30.98 0.03
GD82P -31.01 -30.97 0.04
GD82Q -31.01 -30.96 0.05
GD82R -31.01 -30.98 0.03
GD82S -31.01 -30.98 0.03
GD82T -31.01 -30.98 0.03
GD82V -31.01 -30.98 0.03
GD82W -31.01 -30.94 0.07
GD82Y -31.01 -30.98 0.03
HD61A -31.01 -31.15 -0.14
HD61C -31.01 -31.15 -0.14
HD61D -31.01 -31.01 0.00
HD61E -31.01 -31.85 -0.84
HD61F -31.01 -31.03 -0.02
HD61G -31.01 -31.15 -0.14
HD61I -31.01 -31.09 -0.08
HD61K -31.01 -31.15 -0.14
HD61L -31.01 -31.15 -0.14
HD61M -31.01 -31.15 -0.14
HD61N -31.01 -31.11 -0.10
HD61P -31.01 -31.15 -0.14
HD61Q -31.01 -31.82 -0.81
HD61R -31.01 -31.15 -0.14
HD61S -31.01 -31.12 -0.11
HD61T -31.01 -31.15 -0.14
HD61V -31.01 -31.09 -0.08
HD61W -31.01 -30.93 0.08
HD61Y -31.01 -31.10 -0.09
ID90A -31.01 -30.73 0.28
ID90C -31.01 -30.75 0.26
ID90D -31.01 -30.69 0.32
ID90E -31.01 -30.72 0.29
ID90F -31.01 -30.81 0.20
ID90G -31.01 -30.66 0.35
ID90H -31.01 -30.76 0.25
ID90K -31.01 -31.51 -0.50
ID90L -31.01 -31.24 -0.23
ID90M -31.01 -30.77 0.24
ID90N -31.01 -30.73 0.28
ID90P -31.01 -30.78 0.23
ID90Q -31.01 -30.70 0.31
ID90R -31.01 -30.62 0.39
ID90S -31.01 -30.70 0.31
ID90T -31.01 -30.91 0.10
ID90V -31.01 -30.99 0.02
ID90W -31.01 -31.06 -0.05
ID90Y -31.01 -30.80 0.21
LD71A -31.01 -30.29 0.72
LD71C -31.01 -30.55 0.46
LD71D -31.01 -30.19 0.82
LD71E -31.01 -30.43 0.58
LD71F -31.01 -31.96 -0.95
LD71G -31.01 -29.97 1.04
LD71H -31.01 -30.84 0.17
LD71I -31.01 -31.31 -0.30
LD71K -31.01 -31.30 -0.29
LD71M -31.01 -31.95 -0.94
LD71N -31.01 -29.99 1.02
LD71P -31.01 -30.31 0.70
LD71Q -31.01 -31.07 -0.06
LD71R -31.01 -31.09 -0.08
LD71S -31.01 -30.17 0.84
LD71T -31.01 -30.70 0.31
LD71V -31.01 -30.91 0.10
LD71W -31.01 -31.59 -0.58
LD71Y -31.01 -31.44 -0.43
LD81A -31.01 -30.91 0.10
LD81C -31.01 -30.91 0.10
LD81D -31.01 -31.58 -0.57
LD81E -31.01 -32.10 -1.09
LD81F -31.01 -31.11 -0.10
LD81G -31.01 -30.98 0.03
LD81H -31.01 -31.46 -0.45
LD81I -31.01 -31.03 -0.02
LD81K -31.01 -30.77 0.24
LD81M -31.01 -31.42 -0.41
LD81N -31.01 -32.30 -1.29
LD81P -31.01 -30.94 0.07
LD81Q -31.01 -31.74 -0.73
LD81R -31.01 -30.69 0.32
LD81S -31.01 -30.86 0.15
LD81T -31.01 -30.84 0.17
LD81V -31.01 -30.84 0.17
LD81W -31.01 -31.28 -0.27
LD81Y -31.01 -31.06 -0.05
PD57A -31.01 -31.00 0.01
PD57C -31.01 -31.01 0.00
PD57D -31.01 -30.45 0.56
PD57E -31.01 -31.01 0.00
PD57F -31.01 -31.00 0.01
PD57G -31.01 -31.05 -0.04
PD57H -31.01 -30.96 0.05
PD57I -31.01 -31.05 -0.04
PD57K -31.01 -31.01 0.00
PD57L -31.01 -30.97 0.04
PD57M -31.01 -31.01 0.00
PD57N -31.01 -30.13 0.88
PD57Q -31.01 -31.01 0.00
PD57R -31.01 -31.00 0.01
PD57S -31.01 -30.94 0.07
PD57T -31.01 -30.92 0.09
PD57V -31.01 -30.94 0.07
PD57W -31.01 -30.39 0.62
PD57Y -31.01 -31.01 0.00
PD80A -31.01 -30.90 0.11
PD80C -31.01 -31.20 -0.19
PD80D -31.01 -30.78 0.23
PD80E -31.01 -30.44 0.57
PD80F -31.01 -31.28 -0.27
PD80G -31.01 -30.84 0.17
PD80H -31.01 -31.19 -0.18
PD80I -31.01 -31.61 -0.60
PD80K -31.01 -29.07 1.94
PD80L -31.01 -31.85 -0.84
PD80M -31.01 -31.91 -0.90
PD80N -31.01 -31.03 -0.02
PD80Q -31.01 -29.53 1.48
PD80R -31.01 -27.96 3.05
PD80S -31.01 -30.85 0.16
PD80T -31.01 -31.24 -0.23
PD80V -31.01 -31.30 -0.29
PD80W -31.01 -26.07 4.94
PD80Y -31.01 -31.33 -0.32
QD50A -31.01 -31.08 -0.07
QD50C -31.01 -31.08 -0.07
QD50D -31.01 -31.08 -0.07
QD50E -31.01 -30.99 0.02
QD50F -31.01 -31.08 -0.07
QD50G -31.01 -31.07 -0.06
QD50H -31.01 -31.08 -0.07
QD50I -31.01 -31.12 -0.11
QD50K -31.01 -31.34 -0.33
QD50L -31.01 -31.08 -0.07
QD50M -31.01 -31.06 -0.05
QD50N -31.01 -31.04 -0.03
QD50P -31.01 -31.08 -0.07
QD50R -31.01 -31.95 -0.94
QD50S -31.01 -31.08 -0.07
QD50T -31.01 -31.11 -0.10
QD50V -31.01 -31.10 -0.09
QD50W -31.01 -31.04 -0.03
QD50Y -31.01 -31.06 -0.05
QD76A -31.01 -31.14 -0.13
QD76C -31.01 -31.13 -0.12
QD76D -31.01 -30.76 0.25
QD76E -31.01 -30.83 0.18
QD76F -31.01 -31.54 -0.53
QD76G -31.01 -30.93 0.08
QD76H -31.01 -31.36 -0.35
QD76I -31.01 -31.91 -0.90
QD76K -31.01 -30.79 0.22
QD76L -31.01 -31.97 -0.96
QD76M -31.01 -32.37 -1.36
QD76N -31.01 -30.99 0.02
QD76P -31.01 -30.55 0.46
QD76R -31.01 -30.66 0.35
QD76S -31.01 -31.00 0.01
QD76T -31.01 -31.38 -0.37
QD76V -31.01 -31.36 -0.35
QD76W -31.01 -31.67 -0.66
QD76Y -31.01 -31.17 -0.16
QD78A -31.01 -29.87 1.14
QD78C -31.01 -29.87 1.14
QD78D -31.01 -30.28 0.73
QD78E -31.01 -31.06 -0.05
QD78F -31.01 -31.36 -0.35
QD78G -31.01 -29.63 1.38
QD78H -31.01 -30.06 0.95
QD78I -31.01 -30.56 0.45
QD78K -31.01 -29.72 1.29
QD78L -31.01 -30.46 0.55
QD78M -31.01 -31.20 -0.19
QD78N -31.01 -30.25 0.76
QD78P -31.01 -29.24 1.77
QD78R -31.01 -29.72 1.29
QD78S -31.01 -29.61 1.40
QD78T -31.01 -29.81 1.20
QD78V -31.01 -30.16 0.85
QD78W -31.01 -29.09 1.92
QD78Y -31.01 -30.43 0.58
QD94A -31.01 -30.09 0.92
QD94C -31.01 -30.08 0.93
QD94D -31.01 -30.04 0.97
QD94E -31.01 -29.89 1.12
QD94F -31.01 -30.33 0.68
QD94G -31.01 -30.09 0.92
QD94H -31.01 -31.01 0.00
QD94I -31.01 -30.07 0.94
QD94K -31.01 -31.01 0.00
QD94L -31.01 -30.20 0.81
QD94M -31.01 -30.32 0.69
QD94N -31.01 -30.01 1.00
QD94P -31.01 -30.06 0.95
QD94R -31.01 -31.23 -0.22
QD94S -31.01 -30.07 0.94
QD94T -31.01 -30.06 0.95
QD94V -31.01 -30.07 0.94
QD94W -31.01 -30.55 0.46
QD94Y -31.01 -30.30 0.71
RD48A -31.01 -28.05 2.96
RD48C -31.01 -28.12 2.89
RD48D -31.01 -27.99 3.02
RD48E -31.01 -28.31 2.70
RD48F -31.01 -28.02 2.99
RD48G -31.01 -28.05 2.96
RD48H -31.01 -27.97 3.04
RD48I -31.01 -28.32 2.69
RD48K -31.01 -29.39 1.62
RD48L -31.01 -28.14 2.87
RD48M -31.01 -28.56 2.45
RD48N -31.01 -28.64 2.37
RD48P -31.01 -28.04 2.97
RD48Q -31.01 -28.52 2.49
RD48S -31.01 -28.03 2.98
RD48T -31.01 -28.09 2.92
RD48V -31.01 -28.13 2.88
RD48W -31.01 -28.03 2.98
RD48Y -31.01 -28.03 2.98
RD96A -31.01 -31.28 -0.27
RD96C -31.01 -31.25 -0.24
RD96D -31.01 -32.18 -1.17
RD96E -31.01 -31.85 -0.84
RD96F -31.01 -31.28 -0.27
RD96G -31.01 -31.32 -0.31
RD96H -31.01 -31.28 -0.27
RD96I -31.01 -31.14 -0.13
RD96K -31.01 -31.09 -0.08
RD96L -31.01 -31.25 -0.24
RD96M -31.01 -31.32 -0.31
RD96N -31.01 -32.21 -1.20
RD96P -31.01 -31.22 -0.21
RD96Q -31.01 -31.75 -0.74
RD96S -31.01 -31.85 -0.84
RD96T -31.01 -31.79 -0.78
RD96V -31.01 -31.22 -0.21
RD96W -31.01 -31.28 -0.27
RD96Y -31.01 -31.28 -0.27
SD74A -31.01 -31.10 -0.09
SD74C -31.01 -31.13 -0.12
SD74D -31.01 -30.92 0.09
SD74E -31.01 -31.21 -0.20
SD74F -31.01 -31.27 -0.26
SD74G -31.01 -31.00 0.01
SD74H -31.01 -31.11 -0.10
SD74I -31.01 -31.50 -0.49
SD74K -31.01 -31.09 -0.08
SD74L -31.01 -31.34 -0.33
SD74M -31.01 -31.69 -0.68
SD74N -31.01 -30.84 0.17
SD74P -31.01 -31.11 -0.10
SD74Q -31.01 -31.15 -0.14
SD74R -31.01 -31.06 -0.05
SD74T -31.01 -31.28 -0.27
SD74V -31.01 -31.31 -0.30
SD74W -31.01 -31.11 -0.10
SD74Y -31.01 -31.54 -0.53
TD75A -31.01 -29.93 1.08
TD75C -31.01 -30.12 0.89
TD75D -31.01 -30.13 0.88
TD75E -31.01 -31.15 -0.14
TD75F -31.01 -32.12 -1.11
TD75G -31.01 -29.91 1.10
TD75H -31.01 -31.71 -0.70
TD75I -31.01 -30.19 0.82
TD75K -31.01 -31.21 -0.20
TD75L -31.01 -30.59 0.42
TD75M -31.01 -31.13 -0.12
TD75N -31.01 -30.62 0.39
TD75P -31.01 -29.89 1.12
TD75Q -31.01 -31.86 -0.85
TD75R -31.01 -31.36 -0.35
TD75S -31.01 -31.05 -0.04
TD75V -31.01 -29.55 1.46
TD75W -31.01 -32.01 -1.00
TD75Y -31.01 -30.15 0.86
TD77A -31.01 -30.42 0.59
TD77C -31.01 -30.95 0.06
TD77D -31.01 -29.98 1.03
TD77E -31.01 -30.56 0.45
TD77F -31.01 -31.69 -0.68
TD77G -31.01 -30.10 0.91
TD77H -31.01 -31.03 -0.02
TD77I -31.01 -32.42 -1.41
TD77K -31.01 -30.62 0.39
TD77L -31.01 -32.97 -1.96
TD77M -31.01 -32.36 -1.35
TD77N -31.01 -30.04 0.97
TD77P -31.01 -30.60 0.41
TD77Q -31.01 -30.46 0.55
TD77R -31.01 -30.93 0.08
TD77S -31.01 -30.16 0.85
TD77V -31.01 -31.62 -0.61
TD77W -31.01 -32.76 -1.75
TD77Y -31.01 -32.51 -1.50
VD60A -31.01 -30.93 0.08
VD60C -31.01 -30.93 0.08
VD60D -31.01 -30.93 0.08
VD60E -31.01 -30.93 0.08
VD60F -31.01 -30.93 0.08
VD60G -31.01 -30.93 0.08
VD60H -31.01 -31.01 0.00
VD60I -31.01 -30.93 0.08
VD60K -31.01 -30.93 0.08
VD60L -31.01 -30.93 0.08
VD60M -31.01 -30.93 0.08
VD60N -31.01 -30.93 0.08
VD60P -31.01 -31.08 -0.07
VD60Q -31.01 -30.93 0.08
VD60R -31.01 -30.93 0.08
VD60S -31.01 -30.93 0.08
VD60T -31.01 -31.05 -0.04
VD60W -31.01 -30.93 0.08
VD60Y -31.01 -31.01 0.00
VD79A -31.01 -30.16 0.85
VD79C -31.01 -30.38 0.63
VD79D -31.01 -30.92 0.09
VD79E -31.01 -30.98 0.03
VD79F -31.01 -33.52 -2.51
VD79G -31.01 -29.61 1.40
VD79H -31.01 -30.69 0.32
VD79I -31.01 -31.99 -0.98
VD79K -31.01 -31.70 -0.69
VD79L -31.01 -32.24 -1.23
VD79M -31.01 -32.61 -1.60
VD79N -31.01 -29.58 1.43
VD79P -31.01 -30.40 0.61
VD79Q -31.01 -30.10 0.91
VD79R -31.01 -29.69 1.32
VD79S -31.01 -29.66 1.35
VD79T -31.01 -30.44 0.57
VD79W -31.01 -32.36 -1.35
VD79Y -31.01 -32.07 -1.06
VD92A -31.01 -30.67 0.34
VD92C -31.01 -30.72 0.29
VD92D -31.01 -30.47 0.54
VD92E -31.01 -30.52 0.49
VD92F -31.01 -31.47 -0.46
VD92G -31.01 -30.45 0.56
VD92H -31.01 -31.55 -0.54
VD92I -31.01 -31.16 -0.15
VD92K -31.01 -31.39 -0.38
VD92L -31.01 -30.98 0.03
VD92M -31.01 -31.09 -0.08
VD92N -31.01 -30.43 0.58
VD92P -31.01 -30.76 0.25
VD92Q -31.01 -30.88 0.13
VD92R -31.01 -30.98 0.03
VD92S -31.01 -30.49 0.52
VD92T -31.01 -30.69 0.32
VD92W -31.01 -31.42 -0.41
VD92Y -31.01 -31.45 -0.44
WD89A -31.01 -30.40 0.61
WD89C -31.01 -30.40 0.61
WD89D -31.01 -30.40 0.61
WD89E -31.01 -30.32 0.69
WD89F -31.01 -30.46 0.55
WD89G -31.01 -30.40 0.61
WD89H -31.01 -30.37 0.64
WD89I -31.01 -30.38 0.63
WD89K -31.01 -30.40 0.61
WD89L -31.01 -30.37 0.64
WD89M -31.01 -30.57 0.44
WD89N -31.01 -30.40 0.61
WD89P -31.01 -30.40 0.61
WD89Q -31.01 -30.30 0.71
WD89R -31.01 -30.16 0.85
WD89S -31.01 -30.40 0.61
WD89T -31.01 -30.40 0.61
WD89V -31.01 -30.40 0.61
WD89Y -31.01 -30.30 0.71
